0 7
618 1
1077 1
1074 1
600 1
853 1
456 1
1093 1
65 1
1178 1
284 1
1292 1
1107 1
907 1
1379 1
323 1
1102 1
1109 1
919 1
531 1
1363 1
1252 1
964 1
795 1
1094 1
885 1
272 1
1239 1
218 1
1432 1
354 1
1090 1
493 1
1168 1
736 1
1033 1
1247 1
27 1
999 1
289 1
369 1
181 1
749 1
580 1
255 1
185 1
1353 1
1382 1
581 1
433 1
1066 1
962 1
613 1
705 1
640 1
265 1
353 1
236 1
719 1
1044 1
203 1
700 1
601 1
1233 1
742 1
754 1
538 1
1364 1
491 1
1398 1
774 1
1015 1
788 1
151 1
638 1
845 1
176 1
210 1
678 1
178 1
192 1
217 1
651 1
1246 1
267 1
274 1
1240 1
321 1
514 1
453 1
476 1
383 1
821 1
840 1
783 1
533 1
738 1
1257 1
506 1
1151 1
889 1
761 1
1091 1
1191 1
1411 1
1087 1
595 1
1048 1
422 1
1035 1
102 1
1125 1
743 1
854 1
16 1
17 1
893 1
935 1
978 1
67 1
1040 1
1060 1
119 1
132 1
1188 1
149 1
291 1
429 1
488 1
560 1
198 1
615 1
708 1
292 1
744 1
1008 1
1155 1
371 1
1206 1
1266 1
1356 1
440 1
1387 1
1401 1
459 1
495 1
522 1
540 1
577 1
937 1
614 1
647 1
763 1
810 1
875 1
1037 1
1062 1
1073 1
1075 1
1104 1
1159 1
1231 1
1242 1
1253 1
1293 1
1305 1
1339 1
1370 1
1429 1
111 1
163 1
227 1
301 1
419 1
449 1
462 1
515 1
537 1
565 1
605 1
663 1
690 1
733 1
863 1
966 1
1216 1
1270 1
1280 1
1392 1
1395 1
1407 1
1412 1
29 1
213 1
349 1
442 1
567 1
167 1
706 1
1010 1
1017 1
1050 1
1174 1
1299 1
71 1
320 1
328 1
342 1
467 1
505 1
592 1
596 1
702 1
740 1
858 1
974 1
976 1
986 1
1080 1
1111 1
1128 1
1420 1
170 1
379 1
458 1
594 1
672 1
768 1
780 1
835 1
913 1
991 1
1198 1
1264 1
207 1
247 1
561 1
624 1
679 1
2 1
4 1
46 1
49 1
50 1
79 1
99 1
137 1
139 1
145 1
158 1
169 1
182 1
219 1
230 1
322 1
330 1
348 1
381 1
406 1
432 1
445 1
454 1
776 1
1314 1
1275 1
240 1
254 1
1236 1
273 1
200 1
415 1
1234 1
244 1
536 1
573 1
532 1
1221 1
1200 1
1290 1
1194 1
1158 1
765 1
865 1
918 1
824 1
426 1
1157 1
894 1
895 1
469 1
920 1
936 1
944 1
1136 1
1121 1
416 1
1055 1
1105 1
1084 1
1088 1
1071 1
1056 1
1026 1
1140 1
1153 1
1180 1
1248 1
1014 1
1263 1
473 1
1288 1
1304 1
998 1
1366 1
1377 1
972 1
120 1
970 1
642 1
396 1
340 1
480 1
516 1
1165 1
425 1
725 1
220 1
842 1
214 1
1334 1
122 1
1435 1
988 1
1079 1
1430 1
933 1
914 1
1106 1
891 1
572 1
1312 1
1332 1
1376 1
979 1
579 1
888 1
860 1
847 1
1274 1
828 1
781 1
391 1
404 1
983 1
769 1
1322 1
767 1
760 1
897 1
734 1
707 1
681 1
607 1
682 1
598 1
630 1
1389 1
802 1
833 1
609 1
923 1
975 1
1367 1
1013 1
602 1
589 1
1063 1
584 1
583 1
563 1
552 1
1340 1
1342 1
1220 1
551 1
1260 1
1410 1
500 1
1349 1
587 1
496 1
470 1
105 1
138 1
911 2
508 2
408 2
304 2
757 2
832 2
770 2
908 2
1210 2
992 2
7 2
54 2
399 2
206 2
352 2
519 2
1390 2
1083 2
1189 2
316 2
1182 2
1438 2
1215 2
269 2
373 2
571 2
669 2
61 2
1323 2
461 2
518 2
961 2
1137 2
452 2
390 2
142 2
183 2
275 2
1404 2
1285 2
351 2
45 2
114 2
585 2
634 2
197 2
121 2
1331 2
786 2
1335 2
807 2
1166 2
826 2
753 2
686 2
1284 2
201 2
903 2
1315 2
732 2
1192 2
512 2
1399 2
417 2
1162 2
997 2
1150 2
659 2
1424 2
1414 2
492 2
436 2
951 2
808 2
766 2
93 2
499 2
523 2
414 2
378 2
1 2
35 2
234 2
246 2
655 2
116 2
131 2
792 2
159 2
864 2
1018 2
1081 2
18 2
38 2
309 2
266 2
319 2
528 2
636 2
945 2
994 2
106 2
437 2
457 2
256 2
554 2
645 2
695 2
922 2
995 2
1029 2
1127 2
1148 2
1072 2
1228 2
1261 2
1287 2
1294 2
1300 2
723 2
1301 2
756 2
60 2
202 2
295 2
799 2
451 2
472 2
848 2
861 2
882 2
1054 2
967 2
1011 2
1025 2
1031 2
1117 2
1123 2
1214 2
15 2
83 2
97 2
127 2
307 2
443 2
527 2
542 2
685 2
989 2
1149 2
1223 2
477 2
530 2
627 2
955 2
1172 2
1265 2
9 2
59 2
147 2
231 2
36 2
57 2
100 2
136 2
216 2
251 2
268 2
294 2
308 2
313 2
327 2
361 2
389 2
397 2
424 2
428 2
463 2
502 2
529 2
558 2
568 2
611 2
625 2
683 2
688 2
693 2
701 2
703 2
711 2
712 2
750 2
764 2
782 2
785 2
809 2
816 2
898 2
129 2
232 2
224 2
896 2
910 2
331 2
154 2
130 2
1436 2
1422 2
430 2
431 2
1393 2
503 2
1355 2
471 2
564 2
617 2
1047 2
652 2
1337 2
1329 2
1328 2
838 2
876 2
1249 2
281 2
1023 2
1043 2
1281 2
1277 2
1255 2
25 2
88 2
1238 2
1235 2
1229 2
225 2
233 2
249 2
1208 2
283 2
1211 2
1169 2
376 2
1146 2
1138 2
483 2
1131 2
1129 2
597 2
1046 2
689 2
641 2
691 2
1069 2
878 2
880 2
921 2
1005 2
926 2
946 2
1057 2
1045 2
899 2
737 2
1030 2
1089 2
872 2
1145 2
697 2
1001 2
981 2
1204 2
8 2
868 2
1276 2
52 2
803 2
1112 2
805 2
965 2
1346 2
56 2
1181 2
143 2
787 2
279 2
709 2
303 2
314 2
366 2
368 2
280 2
1383 2
952 2
748 2
906 2
968 2
1020 2
113 2
1101 2
941 2
934 2
1434 2
126 3
798 3
811 3
155 3
857 3
942 3
887 3
258 3
168 3
398 3
317 3
486 3
190 3
1070 3
890 3
12 3
394 3
357 3
195 3
34 3
464 3
1296 3
656 3
1273 3
806 3
1147 3
804 3
610 3
386 3
80 3
31 3
1132 3
343 3
1244 3
1397 3
851 3
665 3
1348 3
635 3
1365 3
1433 3
553 3
1258 3
95 3
115 3
1171 3
1003 3
1297 3
226 3
238 3
775 3
777 3
791 3
812 3
1374 3
866 3
912 3
1302 3
364 3
393 3
1224 3
498 3
504 3
1360 3
1362 3
173 3
271 3
326 3
336 3
13 3
603 3
626 3
69 3
745 3
1095 3
1019 3
410 3
1197 3
559 3
144 3
575 3
633 3
623 3
593 3
837 3
849 3
1058 3
1139 3
650 3
662 3
1321 3
1022 3
1024 3
1096 3
631 3
297 3
644 3
1309 3
1320 3
405 3
1400 3
694 3
1115 3
26 3
40 3
1103 3
1177 3
1232 3
1405 3
1426 3
74 3
1427 3
191 3
215 3
64 3
72 3
466 3
534 3
722 3
954 3
696 3
566 3
1110 3
1134 3
1142 3
1202 3
98 3
109 3
717 3
259 3
355 3
628 3
667 3
869 3
879 3
1154 3
1268 3
772 3
931 3
1358 3
1415 3
260 3
277 3
123 3
174 3
341 3
290 3
300 3
302 3
311 3
402 3
513 3
948 3
521 3
556 3
620 3
670 3
1271 3
684 3
727 3
1388 3
773 3
789 3
830 3
189 3
928 3
298 3
932 3
949 3
360 3
985 3
1122 3
481 3
1167 3
546 3
570 3
1184 3
747 3
797 3
817 3
1196 3
1251 3
1267 3
940 3
1065 3
1291 3
1160 3
1298 3
1371 3
1316 3
1402 3
1394 3
1396 3
1419 3
1428 3
1439 3
19 3
39 3
1061 3
166 3
229 3
510 3
590 3
1126 3
1133 3
475 3
47 3
73 3
133 3
175 3
1373 3
661 3
196 3
668 3
728 3
211 3
751 3
714 3
820 3
242 3
800 3
1007 3
980 3
1052 3
1118 3
243 3
245 3
257 3
576 3
250 4
204 4
586 4
334 4
1341 4
1152 4
28 4
1306 4
844 4
264 4
1269 4
884 4
953 4
666 4
318 4
619 4
758 4
306 4
1187 4
68 4
253 4
400 4
846 4
10 4
350 4
674 4
881 4
1161 4
1053 4
372 4
1027 4
574 4
1368 4
42 4
11 4
886 4
996 4
1108 4
859 4
716 4
199 4
1173 4
241 4
444 4
1416 4
37 4
1199 4
124 4
287 4
335 4
333 4
374 4
543 4
616 4
367 4
862 4
435 4
984 4
1099 4
411 4
1183 4
1213 4
1282 4
1313 4
1351 4
731 4
710 4
1375 4
960 4
856 4
1272 4
1279 4
1049 4
1413 4
927 4
990 4
53 4
1256 4
834 4
1381 4
759 4
793 4
1408 4
5 4
905 4
956 4
511 4
549 4
377 4
479 4
557 4
718 4
1203 4
1286 4
818 4
1212 4
874 4
877 4
1310 4
900 4
902 4
78 4
1041 4
156 4
1120 4
1143 4
339 4
1179 4
395 4
413 4
721 4
814 4
1336 4
1039 4
107 4
1116 4
478 4
1218 4
1227 4
1262 4
779 4
1361 4
870 4
1113 4
33 4
164 4
1289 4
194 4
1403 4
55 4
237 4
48 4
752 4
278 4
959 4
112 4
1423 4
157 4
337 4
222 4
632 4
77 4
96 4
248 4
150 4
345 4
916 4
525 4
547 4
713 4
1295 5
171 5
1205 5
108 5
1359 5
1417 5
562 5
982 5
1421 5
1097 5
947 5
1114 5
324 5
134 5
1217 5
363 5
1344 5
44 5
739 5
252 5
545 5
801 5
1076 5
135 5
507 5
730 5
649 5
687 5
208 5
22 5
608 5
235 5
299 5
329 5
160 5
421 5
509 5
221 5
92 5
541 5
1385 5
1034 5
409 5
901 5
643 5
664 5
790 5
1345 5
14 5
165 5
925 5
550 5
375 5
447 5
412 5
172 5
1002 5
24 5
621 5
485 5
1119 5
839 5
852 5
973 5
1000 5
1004 5
1016 5
1051 5
1082 5
1086 5
187 5
1141 5
1144 5
1170 5
1230 5
1237 5
1243 5
239 5
1318 5
1326 5
1347 5
1352 5
1378 5
1431 5
276 5
128 5
293 5
346 5
517 5
924 5
930 5
365 5
370 5
6 5
455 5
261 5
660 5
917 5
1036 5
1078 5
494 5
1319 5
1098 5
21 5
30 5
51 5
75 5
362 5
446 5
103 5
140 5
162 5
1384 5
228 5
282 5
285 5
125 5
332 5
209 5
382 5
392 5
612 5
460 5
629 5
648 5
1135 5
1307 5
658 5
675 5
441 5
720 5
741 5
671 5
778 5
815 5
1278 5
539 6
1175 6
474 6
892 6
969 6
468 6
855 6
729 6
1156 6
555 6
850 6
434 6
501 6
484 6
193 6
1425 6
489 6
724 6
526 6
148 6
1350 6
20 6
915 6
1418 6
205 6
599 6
110 6
692 6
450 6
746 6
1164 6
1330 6
1369 6
70 6
76 6
89 6
90 6
153 6
180 6
188 6
305 6
312 6
315 6
325 6
356 6
380 6
388 6
401 6
420 6
544 6
796 6
829 6
938 6
1130 6
1163 6
1185 6
1186 6
1190 6
1250 6
1308 6
1409 6
32 6
104 6
177 6
384 6
762 6
3 6
118 6
904 6
407 6
977 6
993 6
1021 6
1226 6
1245 6
1333 6
1338 6
1357 6
1406 6
427 6
86 6
91 6
867 6
179 6
186 6
653 6
387 6
794 6
487 6
520 6
823 6
646 6
704 6
873 6
1068 6
1176 6
1201 6
1283 6
825 6
843 6
943 6
439 6
604 6
676 6
971 6
987 6
1325 6
62 6
286 6
296 6
385 6
1009 6
497 6
569 6
654 6
673 6
1100 6
735 6
1124 6
841 6
1195 6
1219 6
883 6
909 6
950 6
1222 6
1067 6
1085 6
1327 6
1209 6
1303 6
1343 6
212 6
871 7
465 7
1391 7
41 7
1028 7
1042 7
827 7
963 7
622 7
1380 7
1193 7
1437 7
161 7
1064 7
726 7
771 7
699 7
101 7
1059 7
141 7
1259 7
85 7
698 7
1354 7
1386 7
548 7
359 7
680 7
310 7
524 7
1038 7
639 7
939 7
578 7
94 7
344 7
1324 7
490 7
288 7
1241 7
84 7
81 7
87 7
146 7
58 7
958 7
418 7
1032 7
582 7
637 7
403 7
929 7
262 7
117 7
1092 7
438 7
1207 7
66 7
957 7
715 7
63 7
82 7
347 7
358 7
822 7
1225 7
755 7
1254 7
1311 7
43 7
338 7
482 7
813 7
1012 7
263 7
535 7
23 7
152 7
588 7
606 7
677 7
591 7
784 7
184 7
836 7
819 7
831 7
1006 7
223 7
270 7
423 7
448 7
657 7
1317 7
1372 7
