0 6
128 1
617 1
74 1
499 1
379 1
299 1
473 1
405 1
750 1
166 1
520 1
394 1
144 1
528 1
490 1
80 1
14 1
590 1
328 1
127 1
699 1
515 1
20 1
40 1
428 1
439 1
85 1
579 1
131 1
161 1
441 1
754 1
19 1
226 1
409 1
423 1
486 1
493 1
629 1
746 1
646 1
53 1
560 1
586 1
67 1
360 1
55 1
464 1
157 1
188 1
227 1
233 1
279 1
390 1
427 1
738 1
160 1
271 1
550 1
535 1
670 1
600 1
167 1
755 1
774 1
13 1
591 1
32 1
385 1
437 1
117 1
158 1
195 1
200 1
250 1
254 1
260 1
344 1
350 1
549 1
401 1
101 1
411 1
593 1
434 1
435 1
596 1
471 1
98 1
502 1
406 1
789 1
546 1
576 1
463 1
60 1
703 1
780 1
621 1
323 1
176 1
612 1
785 1
743 1
776 1
687 1
510 1
519 1
532 1
541 1
544 1
556 1
565 1
570 1
634 1
641 1
665 1
684 1
696 1
701 1
712 1
734 1
739 1
747 1
790 1
21 1
41 1
88 1
116 1
151 1
162 1
692 1
191 1
216 1
4 1
246 1
257 1
297 1
76 1
339 1
343 1
97 1
147 1
482 1
207 1
487 1
219 1
221 1
547 1
395 1
561 1
459 1
460 1
628 1
462 1
633 1
603 1
650 1
666 1
667 1
709 1
708 1
782 1
180 1
784 1
15 1
31 1
11 1
38 1
45 1
16 1
26 1
83 1
84 1
100 1
36 1
129 1
140 1
145 1
43 1
177 1
187 1
57 1
64 1
215 1
222 1
231 1
68 1
77 1
259 1
86 1
301 1
317 1
336 1
103 1
349 1
105 1
356 1
123 1
382 1
392 1
399 1
133 1
214 1
242 1
244 1
264 1
292 1
300 1
461 1
306 1
477 1
480 1
496 1
314 1
500 1
340 1
507 1
512 1
342 1
522 1
351 1
531 1
534 1
538 1
543 1
355 1
554 1
358 1
364 1
647 1
615 1
616 1
371 1
643 1
373 1
713 1
716 1
722 1
730 1
733 1
735 1
388 1
50 1
75 1
418 1
419 1
421 1
432 1
377 1
467 1
407 1
408 1
414 1
479 1
552 1
588 1
494 1
607 1
506 1
732 1
770 1
792 1
61 2
680 2
773 2
256 2
468 2
155 2
89 2
501 2
266 2
269 2
33 2
96 2
542 2
150 2
663 2
174 2
403 2
787 2
168 2
469 2
241 2
689 2
261 2
566 2
702 2
610 2
695 2
42 2
218 2
220 2
107 2
229 2
578 2
719 2
28 2
163 2
202 2
466 2
582 2
273 2
778 2
34 2
179 2
284 2
78 2
199 2
217 2
232 2
450 2
247 2
503 2
648 2
359 2
645 2
704 2
295 2
652 2
598 2
690 2
724 2
726 2
788 2
51 2
69 2
114 2
119 2
130 2
136 2
173 2
175 2
252 2
302 2
312 2
318 2
331 2
337 2
361 2
438 2
447 2
451 2
508 2
536 2
540 2
1 2
624 2
656 2
488 2
357 2
592 2
296 2
190 2
669 2
102 2
181 2
169 2
210 2
213 2
642 2
620 2
741 2
283 2
752 2
298 2
315 2
347 2
238 2
370 2
440 2
476 2
495 2
533 2
587 2
604 2
608 2
609 2
623 2
637 2
640 2
27 2
653 2
148 2
9 2
92 2
715 2
769 2
777 2
791 2
345 2
321 2
372 2
375 2
729 2
420 2
563 2
675 2
290 2
71 3
143 3
757 3
630 3
626 3
424 3
446 3
664 3
772 3
677 3
201 3
632 3
366 3
795 3
454 3
682 3
449 3
574 3
154 3
658 3
660 3
25 3
679 3
748 3
758 3
56 3
767 3
7 3
82 3
212 3
567 3
602 3
753 3
798 3
10 3
108 3
139 3
135 3
225 3
235 3
236 3
198 3
239 3
251 3
597 3
93 3
387 3
448 3
517 3
282 3
799 3
433 3
325 3
700 3
156 3
165 3
378 3
756 3
779 3
2 3
23 3
24 3
30 3
35 3
52 3
58 3
59 3
63 3
70 3
73 3
91 3
106 3
111 3
124 3
126 3
164 3
186 3
189 3
194 3
234 3
243 3
262 3
267 3
272 3
276 3
281 3
291 3
293 3
334 3
383 3
698 3
711 3
99 3
599 3
583 3
728 3
248 3
263 3
307 3
568 3
367 3
523 3
662 3
352 3
589 3
481 3
453 3
659 3
391 3
149 3
209 3
230 3
422 3
521 3
386 3
697 3
651 3
384 3
412 3
268 4
688 4
580 4
539 4
141 4
649 4
274 4
134 4
81 4
374 4
398 4
581 4
492 4
720 4
631 4
184 4
258 4
498 4
8 4
393 4
475 4
489 4
573 4
115 4
277 4
530 4
557 4
310 4
363 4
472 4
294 4
237 4
204 4
206 4
654 4
72 4
29 4
705 4
121 4
800 4
761 4
529 4
353 4
170 4
122 4
278 4
333 4
445 4
513 4
584 4
594 4
622 4
691 4
3 4
110 4
44 4
255 4
303 4
309 4
285 4
346 4
354 4
396 4
505 4
571 4
585 4
638 4
316 4
381 4
410 4
416 4
485 4
152 4
555 4
253 4
575 4
287 4
362 4
618 4
639 4
429 4
731 4
497 4
504 4
518 4
120 4
311 4
605 4
619 4
683 4
721 4
751 4
793 4
426 4
706 4
759 4
197 4
18 4
329 4
22 4
87 4
159 4
611 4
614 4
625 4
113 4
65 5
740 5
94 5
348 5
95 5
182 5
280 5
211 5
109 5
762 5
613 5
484 5
12 5
644 5
765 5
66 5
153 5
193 5
224 5
514 5
781 5
249 5
693 5
332 5
572 5
694 5
275 5
305 5
330 5
62 5
79 5
132 5
172 5
203 5
240 5
286 5
289 5
397 5
400 5
402 5
436 5
444 5
524 5
672 5
673 5
678 5
320 5
714 5
786 5
37 5
125 5
265 5
304 5
595 5
657 5
661 5
674 5
685 5
710 5
46 5
39 5
308 5
137 5
749 5
47 5
118 5
178 5
341 5
104 5
369 5
365 5
801 5
415 5
455 5
775 5
509 5
525 5
564 5
763 5
717 5
723 5
737 5
196 5
745 5
442 5
526 5
744 5
376 5
545 5
636 5
742 5
601 5
725 5
413 5
183 6
794 6
54 6
5 6
655 6
205 6
456 6
558 6
771 6
324 6
797 6
223 6
417 6
452 6
635 6
270 6
796 6
335 6
338 6
425 6
559 6
319 6
491 6
192 6
208 6
389 6
146 6
457 6
470 6
478 6
527 6
551 6
553 6
668 6
676 6
727 6
736 6
760 6
766 6
768 6
49 6
686 6
245 6
6 6
288 6
322 6
368 6
380 6
443 6
474 6
511 6
228 6
569 6
577 6
627 6
707 6
17 6
783 6
431 6
112 6
313 6
326 6
327 6
671 6
48 6
404 6
90 6
430 6
458 6
465 6
483 6
516 6
537 6
138 6
562 6
606 6
718 6
764 6
142 6
171 6
185 6
548 6
681 6
