0 90
128 1
98 1
227 1
157 1
60 1
437 1
464 1
535 1
612 1
621 1
738 1
755 1
776 1
103 1
105 1
123 1
133 1
214 1
242 1
244 1
264 1
292 1
300 1
306 1
314 1
340 1
342 1
351 1
355 1
358 1
364 1
371 1
373 1
388 1
418 1
419 1
432 1
11 1
16 1
467 1
494 1
506 1
519 1
532 1
36 1
541 1
544 1
556 1
565 1
570 1
57 1
64 1
634 1
641 1
665 1
684 1
696 1
701 1
712 1
734 1
68 1
739 1
747 1
77 1
86 1
790 1
71 2
56 2
767 2
25 2
198 2
660 2
679 2
35 2
52 2
58 2
59 2
70 2
73 2
91 2
106 2
111 2
124 2
126 2
164 2
186 2
189 2
194 2
234 2
262 2
267 2
2 2
281 2
291 2
293 2
334 2
352 2
383 2
384 2
386 2
391 2
412 2
422 2
23 2
568 2
583 2
589 2
599 2
651 2
272 2
662 2
24 2
698 2
711 2
728 2
453 2
61 3
702 3
163 3
273 3
450 3
690 3
724 3
726 3
788 3
51 3
69 3
119 3
130 3
136 3
252 3
302 3
312 3
337 3
361 3
438 3
451 3
508 3
536 3
656 3
729 3
680 4
695 4
78 4
199 4
232 4
247 4
359 4
648 4
102 4
181 4
210 4
213 4
283 4
290 4
315 4
347 4
370 4
440 4
476 4
495 4
533 4
587 4
604 4
608 4
609 4
623 4
637 4
640 4
653 4
715 4
769 4
777 4
65 5
95 5
182 5
12 5
693 5
153 5
572 5
694 5
644 5
193 5
781 5
224 5
172 5
46 5
749 5
62 5
79 5
132 5
203 5
240 5
286 5
436 5
444 5
397 5
672 5
673 5
678 5
714 5
786 5
289 5
400 5
402 5
524 5
320 5
617 6
401 6
411 6
435 6
703 6
780 6
15 6
45 6
84 6
129 6
140 6
177 6
187 6
215 6
231 6
301 6
317 6
336 6
356 6
392 6
477 6
496 6
500 6
522 6
531 6
538 6
615 6
643 6
716 6
730 6
183 7
205 7
635 7
417 7
452 7
797 7
324 7
223 7
319 7
491 7
389 7
457 7
470 7
478 7
527 7
551 7
553 7
48 7
668 7
676 7
727 7
736 7
760 7
766 7
768 7
90 7
49 7
138 7
142 7
171 7
686 7
185 7
548 7
208 7
681 7
794 8
456 8
335 8
338 8
425 8
559 8
17 8
671 8
112 8
313 8
327 8
404 8
430 8
458 8
465 8
483 8
516 8
537 8
606 8
718 8
764 8
326 8
562 8
54 9
5 9
558 9
771 9
270 9
796 9
6 9
431 9
228 9
322 9
368 9
443 9
511 9
569 9
577 9
627 9
245 9
783 9
707 9
288 9
380 9
474 9
81 10
134 10
398 10
492 10
530 10
277 10
237 10
362 10
497 10
619 10
253 10
429 10
152 10
287 10
605 10
751 10
499 11
158 11
350 11
434 11
31 11
38 11
83 11
100 11
259 11
349 11
382 11
399 11
512 11
534 11
735 11
740 12
484 12
275 12
765 12
330 12
47 12
365 12
415 12
509 12
525 12
717 12
723 12
737 12
745 12
413 12
455 12
564 12
74 13
85 13
427 13
116 13
162 13
482 13
561 13
628 13
650 13
666 13
667 13
784 13
94 14
109 14
762 14
37 14
125 14
265 14
304 14
595 14
657 14
685 14
710 14
763 14
775 14
801 14
674 14
744 14
661 14
742 14
580 15
141 15
654 15
800 15
206 15
22 15
159 15
278 15
445 15
594 15
793 15
87 15
333 15
513 15
649 16
374 16
720 16
489 16
529 16
18 16
311 16
584 16
622 16
691 16
348 17
211 17
249 17
332 17
39 17
104 17
137 17
308 17
341 17
526 17
601 17
725 17
196 17
369 17
442 17
379 18
161 18
176 18
687 18
75 18
377 18
407 18
408 18
588 18
607 18
732 18
792 18
268 19
170 19
204 19
705 19
44 19
285 19
346 19
354 19
396 19
505 19
571 19
585 19
638 19
750 20
14 20
19 20
493 20
646 20
167 20
385 20
514 20
743 20
299 21
423 21
586 21
4 21
97 21
147 21
207 21
219 21
221 21
395 21
782 21
688 22
258 22
472 22
122 22
113 22
197 22
611 22
625 22
269 23
787 23
261 23
566 23
689 23
42 23
107 23
1 23
175 23
540 23
773 24
174 24
663 24
34 24
179 24
284 24
92 24
357 24
592 24
473 25
40 25
409 25
560 25
271 25
670 25
462 25
692 25
708 25
143 26
772 26
632 26
700 26
761 26
795 26
149 26
209 26
521 26
697 26
155 27
403 27
645 27
295 27
598 27
321 27
372 27
375 27
420 27
563 27
144 28
328 28
590 28
441 28
50 28
414 28
552 28
770 28
256 29
664 29
363 29
28 29
366 29
276 29
620 29
581 30
8 30
475 30
310 30
120 30
426 30
706 30
759 30
274 31
498 31
416 31
575 31
639 31
731 31
303 31
381 31
618 31
757 32
626 32
212 32
753 32
798 32
248 32
263 32
446 33
677 33
201 33
82 33
567 33
307 33
523 33
659 33
468 34
610 34
466 34
582 34
238 34
741 34
752 34
394 35
699 35
233 35
279 35
459 35
460 35
603 35
266 36
241 36
220 36
578 36
719 36
296 36
669 36
675 36
405 37
67 37
145 37
222 37
616 37
713 37
722 37
733 37
539 38
3 38
110 38
309 38
316 38
410 38
555 38
166 39
127 39
323 39
596 39
151 39
180 39
528 40
260 40
344 40
471 40
576 40
600 40
490 41
20 41
55 41
188 41
390 41
76 41
96 42
542 42
29 42
758 42
318 42
331 42
447 42
520 43
579 43
546 43
550 43
461 43
507 43
393 44
115 44
557 44
504 44
518 44
683 44
721 44
33 45
168 45
218 45
229 45
658 45
190 45
184 46
573 46
121 46
353 46
329 46
614 46
131 47
226 47
463 47
191 47
216 47
246 47
631 48
72 48
294 48
255 48
485 48
630 49
7 49
156 49
602 49
501 50
202 50
778 50
169 50
89 51
9 51
148 51
345 51
642 51
173 52
682 52
165 52
756 52
280 53
66 53
376 53
545 53
636 53
80 54
41 54
297 54
343 54
709 54
53 55
360 55
250 55
543 55
629 56
754 56
21 56
633 56
424 57
454 57
378 57
779 57
150 58
652 58
114 58
791 58
515 59
160 59
339 59
487 59
428 60
195 60
200 60
613 61
305 61
118 61
178 61
225 62
236 62
239 62
746 63
785 63
479 63
439 64
480 64
554 64
469 65
27 65
488 65
549 66
593 66
547 66
101 67
789 67
26 67
655 68
146 68
192 68
217 69
704 69
298 69
486 70
88 70
257 70
139 71
282 71
117 72
502 72
10 73
597 73
93 74
154 74
387 75
448 75
32 76
254 76
135 77
251 77
517 78
799 78
433 79
230 79
325 80
481 80
774 81
43 81
748 82
63 82
449 83
30 83
13 84
421 84
108 85
367 85
574 86
243 86
503 87
624 87
591 88
510 88
235 89
99 89
406 90
647 90
