0 21
35 1
1 1
4 1
6 1
8 1
14 1
17 1
22 1
28 1
31 1
42 1
84 1
86 1
94 1
99 1
101 1
103 1
113 1
117 1
119 1
126 1
127 1
134 1
136 1
141 1
146 1
149 1
150 1
154 1
143 2
5 2
41 2
93 2
131 2
139 2
40 2
43 2
44 2
49 2
76 2
80 2
90 2
91 2
95 2
111 2
125 2
130 2
138 2
144 2
151 2
36 3
12 3
53 3
16 3
20 3
32 3
33 3
67 3
70 3
77 3
97 3
118 3
121 3
124 3
152 3
114 4
11 4
10 4
63 4
60 4
74 4
78 4
56 4
13 4
30 4
38 4
88 4
50 4
59 5
48 5
140 5
15 5
26 5
66 5
79 5
142 5
55 5
68 5
46 6
24 6
71 6
81 6
107 6
64 6
116 7
9 7
37 7
45 7
51 7
54 7
87 7
112 7
128 8
106 8
145 8
96 8
105 8
135 8
137 8
82 9
52 9
109 9
100 9
108 9
147 9
153 9
132 10
115 10
7 10
65 10
83 10
19 11
85 11
25 11
27 11
69 11
89 12
92 12
3 12
23 12
102 12
75 13
104 13
62 13
110 13
21 14
2 14
98 14
155 14
47 15
18 15
120 15
148 16
57 16
122 16
29 17
123 17
34 18
133 18
58 19
39 19
73 20
61 20
129 21
72 21
