0 175
618 1
119 1
614 1
16 1
17 1
440 1
540 1
67 1
577 1
459 1
647 1
763 1
875 1
1037 1
1073 1
1104 1
1242 1
1253 1
1293 1
1305 1
1339 1
169 1
182 1
219 1
230 1
322 1
330 1
348 1
381 1
406 1
432 1
445 1
454 1
470 1
500 1
551 1
552 1
563 1
579 1
583 1
584 1
589 1
602 1
609 1
630 1
2 1
681 1
707 1
734 1
760 1
4 1
769 1
781 1
828 1
847 1
860 1
46 1
888 1
891 1
914 1
970 1
972 1
998 1
1026 1
49 1
1056 1
1071 1
50 1
79 1
1105 1
1121 1
1136 1
1157 1
1158 1
1200 1
1221 1
1234 1
1236 1
99 1
137 1
139 1
145 1
1314 1
158 1
1367 1
1389 1
1430 1
1435 1
911 2
35 2
723 2
799 2
116 2
457 2
159 2
848 2
882 2
967 2
1011 2
1123 2
1214 2
308 2
313 2
327 2
361 2
389 2
424 2
428 2
463 2
502 2
529 2
558 2
568 2
611 2
625 2
683 2
688 2
693 2
703 2
711 2
712 2
750 2
764 2
785 2
691 2
809 2
816 2
36 2
57 2
898 2
136 2
934 2
941 2
952 2
965 2
216 2
981 2
1001 2
251 2
1030 2
1045 2
1057 2
1069 2
268 2
1131 2
1138 2
1146 2
1169 2
1211 2
294 2
1235 2
1255 2
1277 2
1281 2
1328 2
1329 2
1337 2
1355 2
1393 2
1422 2
1436 2
126 3
13 3
393 3
72 3
631 3
109 3
226 3
777 3
791 3
1095 3
1374 3
211 3
242 3
243 3
245 3
257 3
260 3
277 3
290 3
300 3
302 3
311 3
402 3
513 3
521 3
556 3
620 3
670 3
684 3
727 3
773 3
47 3
789 3
73 3
830 3
928 3
932 3
949 3
985 3
1061 3
133 3
1122 3
1167 3
1184 3
1196 3
1251 3
1267 3
1291 3
1298 3
1371 3
175 3
1394 3
1396 3
1419 3
1428 3
1439 3
1295 4
687 4
24 4
92 4
925 4
172 4
790 4
608 4
375 4
541 4
901 4
485 4
1119 4
1002 4
720 4
778 4
815 4
839 4
852 4
1000 4
1004 4
1016 4
1082 4
1086 4
1144 4
1170 4
1230 4
1237 4
1243 4
21 4
1318 4
1326 4
1347 4
1352 4
1378 4
1431 4
30 4
973 4
51 4
75 4
103 4
140 4
228 4
162 4
282 4
285 4
332 4
671 4
392 4
382 4
460 4
658 4
675 4
1141 4
250 5
264 5
68 5
674 5
1161 5
350 5
881 5
37 5
1099 5
716 5
333 5
1183 5
1313 5
543 5
862 5
616 5
1282 5
479 5
874 5
77 5
96 5
818 5
877 5
900 5
1041 5
1120 5
1143 5
1179 5
1336 5
150 5
377 5
902 5
1077 6
1102 6
1353 6
203 6
236 6
595 6
170 6
458 6
768 6
835 6
913 6
105 6
240 6
415 6
536 6
573 6
824 6
895 6
920 6
936 6
1153 6
1180 6
1263 6
1288 6
1304 6
1366 6
1074 7
456 7
1292 7
1379 7
210 7
538 7
601 7
1035 7
1151 7
149 7
167 7
429 7
708 7
744 7
1206 7
1266 7
682 7
1063 7
539 8
434 8
501 8
20 8
489 8
315 8
70 8
76 8
89 8
90 8
180 8
305 8
312 8
325 8
356 8
388 8
401 8
420 8
829 8
1100 8
1130 8
1185 8
1186 8
1190 8
1308 8
544 8
938 8
1250 8
796 8
1163 8
811 9
258 9
887 9
486 9
12 9
195 9
635 9
1348 9
1022 9
1400 9
166 9
229 9
1126 9
1133 9
465 10
1391 10
827 10
1028 10
101 10
699 10
771 10
81 10
87 10
262 10
184 10
535 10
588 10
677 10
836 10
408 11
1210 11
352 11
669 11
183 11
390 11
38 11
636 11
994 11
129 11
564 11
617 11
652 11
224 11
1023 11
431 11
876 11
1043 11
798 12
890 12
553 12
578 12
1132 12
271 12
336 12
582 12
650 12
19 12
39 12
123 12
661 12
751 12
800 12
1007 12
1358 12
600 13
1109 13
274 13
821 13
663 13
863 13
966 13
1395 13
122 13
220 13
416 13
587 13
1165 13
1290 13
1334 13
171 14
134 14
14 14
412 14
664 14
1345 14
6 14
187 14
239 14
261 14
276 14
293 14
346 14
517 14
924 14
930 14
1175 15
1350 15
526 15
3 15
407 15
653 15
794 15
823 15
825 15
943 15
971 15
987 15
1009 15
1124 15
1219 15
1327 15
1330 15
1369 15
118 15
1195 15
155 16
394 16
80 16
343 16
851 16
405 16
931 16
1177 16
189 16
510 16
1160 16
360 16
817 16
570 16
747 16
797 16
1341 17
253 17
400 17
846 17
859 17
1053 17
759 17
905 17
956 17
337 17
632 17
916 17
474 18
148 18
205 18
599 18
86 18
179 18
186 18
387 18
487 18
520 18
646 18
704 18
873 18
1068 18
1176 18
1201 18
1283 18
91 18
969 19
850 19
450 19
746 19
724 19
1164 19
296 19
673 19
735 19
883 19
950 19
1209 19
1343 19
385 19
841 19
1067 19
1085 19
586 20
844 20
886 20
5 20
509 20
1034 20
78 20
339 20
721 20
814 20
1116 20
1262 20
304 21
208 21
753 21
1166 21
9 21
59 21
246 21
266 21
1018 21
113 21
281 21
1181 21
871 22
141 22
1354 22
1386 22
66 22
438 22
929 22
23 22
152 22
606 22
784 22
819 22
1006 22
1225 22
508 23
451 23
1054 23
56 23
143 23
279 23
303 23
314 23
366 23
368 23
748 23
906 23
968 23
1020 23
1101 23
1434 23
982 24
1417 24
1421 24
1097 24
44 24
739 24
362 24
446 24
1384 24
204 25
306 25
53 25
374 25
793 25
834 25
1173 25
1416 25
33 25
48 25
164 25
278 25
853 26
514 26
845 26
71 26
467 26
592 26
974 26
986 26
1111 26
200 26
1340 26
1410 26
757 27
114 27
197 27
530 27
477 27
627 27
955 27
8 27
641 27
803 27
896 27
697 27
910 27
1047 27
770 28
992 28
1137 28
1182 28
634 28
40 28
307 28
1360 28
280 28
1070 29
357 29
1003 29
1258 29
74 29
191 29
534 29
1110 29
1134 29
1142 29
576 29
1178 30
453 30
651 30
1233 30
328 30
937 30
1128 30
1420 30
244 30
983 30
1342 30
622 31
1064 31
85 31
548 31
680 31
1259 31
117 31
403 31
43 31
338 31
813 31
892 32
32 32
177 32
384 32
762 32
867 32
904 32
993 32
1021 32
1226 32
1245 32
1333 32
1357 32
284 33
433 33
342 33
505 33
596 33
702 33
858 33
976 33
1080 33
473 33
964 34
1090 34
889 34
1240 34
991 34
594 34
138 34
765 34
1088 34
1377 34
273 34
1390 35
269 35
373 35
518 35
686 35
1297 35
52 35
737 35
868 35
1112 35
1380 36
1059 36
524 36
639 36
288 36
418 36
958 36
1032 36
1324 36
591 36
907 37
354 37
491 37
1087 37
1155 37
391 37
404 37
1260 37
923 37
1013 37
1205 38
324 38
545 38
801 38
621 38
441 38
1278 38
334 39
367 39
435 39
444 39
960 39
1381 39
112 39
959 39
1212 39
531 40
369 40
638 40
738 40
783 40
1174 40
865 40
918 40
1274 40
1359 41
1217 41
22 41
221 41
235 41
329 41
421 41
455 41
917 41
1078 41
562 42
1344 42
363 42
299 42
1385 42
128 42
370 42
1036 42
1319 42
365 42
660 42
1363 43
272 43
493 43
581 43
462 43
567 43
65 44
102 44
1246 44
537 44
532 44
572 44
607 44
897 44
1079 44
7 45
142 45
275 45
585 45
786 45
542 45
154 45
787 45
805 45
872 45
1093 46
207 46
624 46
679 46
854 46
1213 46
480 46
842 46
1332 46
795 47
176 47
774 47
1125 47
198 47
522 47
1370 47
1429 47
1107 48
705 48
962 48
1066 48
643 48
1264 48
323 49
289 49
476 49
1398 49
241 49
1010 49
1017 49
642 49
1269 50
758 50
1187 50
335 50
1049 50
1408 50
547 50
1203 50
1310 50
492 51
610 51
659 51
1335 51
98 51
234 51
655 51
792 51
1427 51
919 52
736 52
749 52
349 52
710 52
1050 52
776 52
832 53
417 53
732 53
18 53
319 53
528 53
1309 53
331 53
1152 54
11 54
1108 54
157 54
549 54
222 54
345 54
525 54
557 54
248 54
718 54
666 55
42 55
372 55
574 55
511 55
1272 55
107 55
779 55
1403 55
806 56
1147 56
31 56
1365 56
173 56
575 56
948 56
1271 56
1388 56
1252 57
1015 57
1364 57
29 57
213 57
442 57
1299 57
425 57
218 58
580 58
1382 58
1091 58
124 58
615 58
975 58
1193 59
726 59
310 59
58 59
84 59
490 59
263 59
831 59
190 60
464 60
215 60
466 60
722 60
954 60
1202 60
1373 60
54 61
1438 61
436 61
997 61
1399 61
131 61
1083 62
961 62
951 62
1029 62
1127 62
483 62
878 62
880 62
1346 62
206 63
316 63
121 63
523 63
766 63
376 63
908 64
83 64
97 64
127 64
410 64
989 64
1149 64
1042 65
1437 65
1241 65
63 65
347 65
358 65
822 65
82 65
1254 65
947 66
1114 66
252 66
1076 66
1135 66
1432 67
265 67
640 67
780 67
254 67
944 67
1055 67
1140 67
942 68
667 68
869 68
879 68
1268 68
820 68
980 68
1052 68
318 69
1027 69
927 69
990 69
1256 69
55 69
713 69
752 69
1189 70
807 70
1284 70
1 70
309 70
1025 70
701 70
855 71
1425 71
62 71
286 71
497 71
654 71
909 71
569 71
1303 71
1156 72
193 72
110 72
692 72
439 72
676 72
1325 72
212 72
604 72
181 73
151 73
484 73
1075 73
1413 73
1418 73
963 74
359 74
146 74
957 74
270 74
448 74
657 74
168 75
326 75
566 75
603 75
1197 75
668 75
1415 75
1094 76
743 76
893 76
978 76
1060 76
340 76
1106 76
255 77
742 77
1191 77
371 77
1062 77
496 77
1014 77
1323 78
808 78
256 78
695 78
922 78
995 78
946 78
108 79
165 79
550 79
125 79
209 79
612 79
1307 79
1306 80
856 80
1279 80
478 80
870 80
1113 80
1289 80
452 81
571 81
201 81
1172 81
1265 81
471 81
28 82
447 82
156 82
395 82
413 82
1039 82
1227 82
41 83
698 83
1207 83
223 83
423 83
755 83
1311 83
1239 84
678 84
690 84
733 84
1412 84
598 84
519 85
1397 85
15 85
355 85
1005 85
1383 85
857 86
298 86
481 86
546 86
1065 86
1316 86
1402 86
468 87
915 87
104 87
977 87
1338 87
1406 87
353 88
1048 88
560 88
1008 88
1356 88
1220 88
161 89
94 89
344 89
715 89
1317 89
1372 89
1033 90
192 90
227 90
419 90
449 90
396 90
953 91
287 91
411 91
731 91
1199 91
317 92
694 92
1103 92
1405 92
1426 92
884 93
10 93
194 93
237 93
1286 93
1423 93
398 94
386 94
626 94
475 94
728 94
27 95
321 95
533 95
111 95
461 96
512 96
1331 96
945 96
1273 97
95 97
115 97
628 97
656 98
1244 98
144 98
1139 98
174 98
178 99
1257 99
291 99
984 99
1387 99
267 100
840 100
301 100
515 100
1407 100
185 101
247 101
561 101
935 101
1040 101
1247 102
1411 102
605 102
706 102
214 102
399 103
443 103
527 103
812 103
899 103
506 104
754 104
132 104
1159 104
767 104
885 105
320 105
740 105
426 105
516 105
999 106
1044 106
469 106
1248 106
1322 106
61 107
231 107
238 107
864 107
499 108
804 108
64 108
861 108
729 109
153 109
188 109
380 109
1409 109
34 110
297 110
1232 110
940 110
45 111
1424 111
1072 111
782 111
619 112
199 112
1351 112
1361 112
996 113
1368 113
1375 113
1218 113
351 114
1150 114
1300 114
249 114
1168 115
120 115
988 115
1312 115
1376 115
1404 116
147 116
1081 116
1302 116
613 117
488 117
802 117
1349 117
383 118
788 118
933 118
1084 118
1296 119
259 119
714 119
1118 119
1414 120
60 120
472 120
1315 121
364 121
1031 121
1192 122
202 122
295 122
1215 123
430 123
503 123
838 123
1171 124
26 124
1115 124
665 125
745 125
1019 125
422 126
379 126
672 126
700 127
292 127
1231 127
217 128
1270 128
1280 128
135 129
160 129
409 129
939 130
637 130
1092 130
555 131
427 131
843 131
1222 131
1433 132
559 132
590 132
163 133
565 133
1392 133
719 134
1401 134
833 134
903 135
756 135
397 135
761 136
1198 136
894 136
1162 137
1287 137
283 137
1038 138
482 138
1012 138
507 139
494 139
1098 139
649 140
629 140
1051 140
730 141
648 141
741 141
414 142
25 142
225 142
378 143
921 143
1204 143
826 144
1129 144
1208 144
93 145
232 145
1046 145
1285 146
1238 146
1249 146
69 147
1096 147
623 148
717 148
633 149
1058 149
644 150
772 150
696 151
912 151
593 152
662 152
504 153
775 153
837 154
849 154
866 155
1224 155
1024 156
1320 156
1154 157
1362 157
498 158
196 158
106 159
597 159
1223 160
130 160
1117 161
100 161
645 162
1145 162
1321 163
341 163
437 164
1229 164
685 165
709 165
1188 166
725 166
495 167
1194 167
810 168
1275 168
1261 169
926 169
1216 170
979 170
554 171
689 171
1301 172
1089 172
1228 173
233 173
1294 174
1276 174
1148 175
88 175
