209
0 1
0 2
0 3
0 4
0 5
0 6
0 7
0 8
0 9
0 10
0 11
0 12
0 13
0 14
0 15
0 16
0 17
0 18
0 19
0 20
0 21
0 22
0 23
0 24
0 25
0 26
0 27
0 28
0 29
0 30
0 31
0 32
0 33
0 34
0 35
0 36
0 37
0 38
0 39
0 40
0 41
41 42
42 43
42 44
42 45
42 46
42 47
42 48
42 49
42 50
42 51
42 52
42 53
42 54
42 55
42 56
42 57
42 58
42 59
42 60
42 61
42 62
42 63
42 64
42 65
42 66
42 67
42 68
42 69
42 70
42 71
42 72
42 73
42 74
42 75
42 76
42 77
42 78
42 79
42 80
42 81
42 82
42 83
83 84
84 85
84 86
84 87
84 88
84 89
84 90
84 91
84 92
84 93
84 94
84 95
84 96
84 97
84 98
84 99
84 100
84 101
84 102
84 103
84 104
84 105
84 106
84 107
84 108
84 109
84 110
84 111
84 112
84 113
84 114
84 115
84 116
84 117
84 118
84 119
84 120
84 121
84 122
84 123
84 124
84 125
125 126
126 127
126 128
126 129
126 130
126 131
126 132
126 133
126 134
126 135
126 136
126 137
126 138
126 139
126 140
126 141
126 142
126 143
126 144
126 145
126 146
126 147
126 148
126 149
126 150
126 151
126 152
126 153
126 154
126 155
126 156
126 157
126 158
126 159
126 160
126 161
126 162
126 163
126 164
126 165
126 166
126 167
167 168
168 169
168 170
168 171
168 172
168 173
168 174
168 175
168 176
168 177
168 178
168 179
168 180
168 181
168 182
168 183
168 184
168 185
168 186
168 187
168 188
168 189
168 190
168 191
168 192
168 193
168 194
168 195
168 196
168 197
168 198
168 199
168 200
168 201
168 202
168 203
168 204
168 205
168 206
168 207
168 208
