150
0 50
0 1
1 51
1 2
2 52
2 3
3 53
3 4
4 54
4 5
5 55
5 6
6 56
6 7
7 57
7 8
8 58
8 9
9 59
9 10
10 60
10 11
11 61
11 12
12 62
12 13
13 63
13 14
14 64
14 15
15 65
15 16
16 66
16 17
17 67
17 18
18 68
18 19
19 69
19 20
20 70
20 21
21 71
21 22
22 72
22 23
23 73
23 24
24 74
24 25
25 75
25 26
26 76
26 27
27 77
27 28
28 78
28 29
29 79
29 30
30 80
30 31
31 81
31 32
32 82
32 33
33 83
33 34
34 84
34 35
35 85
35 36
36 86
36 37
37 87
37 38
38 88
38 39
39 89
39 40
40 90
40 41
41 91
41 42
42 92
42 43
43 93
43 44
44 94
44 45
45 95
45 46
46 96
46 47
47 97
47 48
48 98
48 49
49 99
50 100
50 51
51 101
51 52
52 102
52 53
53 103
53 54
54 104
54 55
55 105
55 56
56 106
56 57
57 107
57 58
58 108
58 59
59 109
59 60
60 110
60 61
61 111
61 62
62 112
62 63
63 113
63 64
64 114
64 65
65 115
65 66
66 116
66 67
67 117
67 68
68 118
68 69
69 119
69 70
70 120
70 71
71 121
71 72
72 122
72 73
73 123
73 74
74 124
74 75
75 125
75 76
76 126
76 77
77 127
77 78
78 128
78 79
79 129
79 80
80 130
80 81
81 131
81 82
82 132
82 83
83 133
83 84
84 134
84 85
85 135
85 86
86 136
86 87
87 137
87 88
88 138
88 89
89 139
89 90
90 140
90 91
91 141
91 92
92 142
92 93
93 143
93 94
94 144
94 95
95 145
95 96
96 146
96 97
97 147
97 98
98 148
98 99
99 149
100 101
101 102
102 103
103 104
104 105
105 106
106 107
107 108
108 109
109 110
110 111
111 112
112 113
113 114
114 115
115 116
116 117
117 118
118 119
119 120
120 121
121 122
122 123
123 124
124 125
125 126
126 127
127 128
128 129
129 130
130 131
131 132
132 133
133 134
134 135
135 136
136 137
137 138
138 139
139 140
140 141
141 142
142 143
143 144
144 145
145 146
146 147
147 148
148 149
