120
0 40
0 1
1 41
1 2
2 42
2 3
3 43
3 4
4 44
4 5
5 45
5 6
6 46
6 7
7 47
7 8
8 48
8 9
9 49
9 10
10 50
10 11
11 51
11 12
12 52
12 13
13 53
13 14
14 54
14 15
15 55
15 16
16 56
16 17
17 57
17 18
18 58
18 19
19 59
19 20
20 60
20 21
21 61
21 22
22 62
22 23
23 63
23 24
24 64
24 25
25 65
25 26
26 66
26 27
27 67
27 28
28 68
28 29
29 69
29 30
30 70
30 31
31 71
31 32
32 72
32 33
33 73
33 34
34 74
34 35
35 75
35 36
36 76
36 37
37 77
37 38
38 78
38 39
39 79
40 80
40 41
41 81
41 42
42 82
42 43
43 83
43 44
44 84
44 45
45 85
45 46
46 86
46 47
47 87
47 48
48 88
48 49
49 89
49 50
50 90
50 51
51 91
51 52
52 92
52 53
53 93
53 54
54 94
54 55
55 95
55 56
56 96
56 57
57 97
57 58
58 98
58 59
59 99
59 60
60 100
60 61
61 101
61 62
62 102
62 63
63 103
63 64
64 104
64 65
65 105
65 66
66 106
66 67
67 107
67 68
68 108
68 69
69 109
69 70
70 110
70 71
71 111
71 72
72 112
72 73
73 113
73 74
74 114
74 75
75 115
75 76
76 116
76 77
77 117
77 78
78 118
78 79
79 119
80 81
81 82
82 83
83 84
84 85
85 86
86 87
87 88
88 89
89 90
90 91
91 92
92 93
93 94
94 95
95 96
96 97
97 98
98 99
99 100
100 101
101 102
102 103
103 104
104 105
105 106
106 107
107 108
108 109
109 110
110 111
111 112
112 113
113 114
114 115
115 116
116 117
117 118
118 119
