1440
0	1113
1	993
1	1348
2	1396
2	1036
2	18
3	991
4	798
5	727
6	233
7	351
7	1094
8	382
9	532
9	302
10	83
11	391
11	363
11	1027
11	37
12	388
13	382
14	409
14	1127
15	953
16	1013
17	388
18	1168
18	1036
19	382
20	388
21	1288
22	541
23	382
24	382
24	867
25	585
25	973
26	1042
26	366
27	1363
28	331
29	522
30	382
30	448
30	352
30	1015
31	388
32	57
32	1042
32	97
33	818
34	1363
35	382
35	263
36	960
36	1437
38	946
38	54
39	500
40	391
40	902
41	855
42	914
43	382
43	668
43	381
43	582
43	691
44	382
44	216
45	388
45	461
45	1279
45	860
45	470
45	232
46	388
46	1117
47	1042
48	992
48	986
48	837
49	388
49	856
49	1010
49	300
50	233
50	363
51	382
51	397
52	388
52	1320
53	1042
53	1254
53	1208
53	351
54	388
54	136
55	388
55	616
55	1437
55	666
55	424
56	1153
57	388
57	858
58	1402
58	914
59	382
59	122
60	409
60	447
61	1042
62	855
63	194
64	68
64	82
65	1124
66	1272
66	1148
66	473
67	133
68	382
68	745
68	926
69	1361
69	993
70	1103
70	689
71	457
71	882
72	1042
72	518
73	382
73	1430
74	855
75	981
75	363
76	388
76	946
76	931
77	946
77	1279
77	834
77	935
78	492
78	992
79	1042
79	1113
80	1042
81	855
81	956
82	382
82	904
82	988
82	1031
83	855
83	1374
84	855
85	855
85	501
86	946
87	569
88	991
88	382
88	1420
89	382
90	388
91	532
92	388
92	614
93	382
94	1042
94	288
95	855
95	785
96	382
96	341
96	1311
97	351
97	1308
97	833
98	1042
98	1144
98	829
99	382
99	1379
99	1154
100	388
101	1031
102	388
102	563
103	236
104	388
104	1126
104	260
104	940
104	1061
105	1346
106	388
106	1250
106	1347
106	602
106	600
107	382
108	388
108	516
108	386
108	1188
108	1254
108	154
108	432
108	351
109	388
109	1386
110	1425
111	382
111	1435
111	1000
112	1394
113	388
114	1070
115	1042
115	548
115	606
115	901
116	388
117	1124
118	124
118	1411
118	992
119	844
119	585
119	165
119	329
120	991
121	1397
122	585
123	382
123	1307
123	999
125	902
125	1231
125	1225
125	405
126	1122
127	388
128	388
128	909
129	351
130	388
130	1142
131	855
132	388
132	809
133	1127
133	272
133	1357
134	233
134	1422
134	650
135	1240
135	1024
136	1042
137	141
138	1100
138	995
139	1042
140	1042
141	1042
141	1044
141	188
141	212
141	366
141	1251
142	1035
142	689
143	183
143	1344
144	1042
145	388
145	1408
145	816
146	236
147	353
148	235
149	343
150	382
150	307
151	382
151	1173
151	822
152	233
152	1064
153	522
155	165
156	1425
157	1425
158	503
159	363
160	1042
160	1279
160	1345
160	232
160	819
160	196
161	1042
162	382
162	1284
163	946
163	288
164	388
164	412
164	1388
165	1396
165	585
165	687
166	363
167	855
167	1229
167	761
167	1225
167	405
167	1039
168	1025
168	331
169	382
170	855
170	321
171	388
171	607
172	946
173	604
174	692
175	382
175	586
176	388
177	1422
177	1211
178	953
179	388
180	388
180	969
180	343
181	382
182	1127
183	388
183	293
183	294
183	1347
183	1285
183	694
184	473
184	432
185	692
185	670
185	686
185	480
185	818
185	810
185	717
186	1042
187	638
188	600
189	388
189	943
190	994
191	500
192	1422
192	363
192	1021
193	388
193	841
193	493
193	443
194	1425
194	235
194	728
194	533
194	575
195	388
196	1079
196	724
197	474
198	902
198	1149
198	680
198	1302
199	382
199	1109
199	712
200	324
200	988
201	902
202	1425
203	382
204	522
205	382
206	1289
206	957
207	1042
208	382
209	855
210	382
210	846
210	1332
210	357
210	1009
211	382
213	716
214	388
214	535
214	824
214	1202
215	382
215	372
215	433
215	957
216	382
216	706
216	903
216	677
217	382
217	465
218	382
219	1042
219	958
220	388
220	330
221	1396
221	848
222	1425
222	590
223	532
223	1401
224	710
225	1127
225	1294
226	388
226	754
227	514
228	585
228	1284
229	855
230	382
231	382
231	689
232	1042
232	819
232	1019
233	382
233	656
233	241
233	1167
233	904
233	1289
233	912
234	388
234	494
235	262
235	1191
235	513
235	1433
235	697
235	375
235	603
235	1170
235	542
235	698
235	699
235	662
235	1045
235	951
235	374
236	382
236	396
236	1196
237	382
237	751
238	382
238	1054
238	506
238	653
238	796
238	489
239	382
239	450
240	382
241	1397
242	388
242	1423
242	1118
242	742
243	855
244	1042
244	1337
244	518
245	928
246	382
246	1156
247	382
247	254
247	599
247	1283
248	902
249	585
249	925
250	263
251	1425
252	1378
253	609
253	1291
254	1313
255	765
255	316
256	382
257	382
258	956
259	388
259	913
259	963
259	1176
259	1123
260	1042
260	915
261	382
263	382
263	390
263	956
263	1351
263	1333
263	1129
263	1438
263	1226
263	941
264	1042
264	1251
265	1103
265	363
265	784
266	382
266	672
267	382
268	331
269	1042
270	388
270	453
271	1422
272	382
272	1141
273	640
274	1425
275	1396
275	1022
276	877
277	388
277	713
278	353
279	331
279	914
280	1031
281	1042
282	351
283	710
284	388
284	647
285	388
285	1047
285	1223
285	976
286	836
286	946
287	1437
288	388
288	624
288	289
289	1071
290	363
291	497
292	1350
293	1099
294	1279
295	1127
296	1042
297	572
298	382
298	1418
299	585
299	1268
300	388
300	1010
301	1289
302	382
303	855
304	382
304	495
305	710
305	484
305	878
306	382
306	725
306	938
308	382
309	946
309	1042
309	485
310	1042
310	1242
311	1210
311	1153
311	1185
311	659
312	388
313	388
313	1288
314	852
315	382
316	382
316	1369
316	1106
316	449
316	762
316	1062
316	365
316	719
316	692
316	1031
316	1376
316	1098
317	382
317	1197
318	382
318	1392
318	440
319	855
320	613
321	855
322	1042
322	408
323	1378
323	853
323	628
324	382
324	1081
324	964
324	961
325	388
325	410
326	1106
327	1232
327	435
327	400
327	1134
328	1385
330	388
330	660
330	1398
331	382
331	1104
332	1153
333	382
333	585
333	528
333	431
333	1171
333	692
334	956
335	930
336	388
336	347
336	1252
337	991
338	855
339	953
340	382
340	1293
341	382
341	1323
342	1289
343	388
343	1439
343	740
344	1100
345	1411
346	1101
346	640
347	1240
348	585
349	1042
349	970
350	1393
350	1168
351	1042
351	1208
351	1394
352	585
353	855
353	1112
353	1114
353	376
353	1419
354	382
354	1103
355	382
356	388
356	923
357	532
358	1396
358	397
359	382
359	1107
360	522
361	388
361	452
361	473
362	388
362	1046
363	382
363	934
363	879
363	845
363	556
363	615
363	475
363	1087
363	1323
363	511
363	1156
363	407
363	857
363	1015
363	854
363	1009
363	908
363	835
363	1375
363	631
363	455
364	1042
365	1224
367	388
368	546
368	991
369	388
369	747
370	382
371	640
372	844
373	1153
376	959
377	848
378	771
379	517
380	1153
381	382
381	668
381	691
382	1385
382	1396
382	1203
382	1356
382	507
382	1335
382	497
382	397
382	1182
382	1418
382	844
382	1193
382	668
382	1025
382	391
382	1108
382	1313
382	1350
382	1214
382	651
382	1017
382	1201
382	609
382	464
382	981
382	902
382	585
382	611
382	598
382	1361
382	532
382	1103
382	1430
382	756
382	1105
382	766
382	842
382	1200
382	591
382	772
382	985
382	1231
382	848
382	993
382	1081
382	1393
382	1224
382	979
382	1416
382	519
382	1268
382	581
382	1277
382	1139
382	1066
382	1435
382	1404
382	646
382	409
382	847
382	851
382	1312
382	751
382	765
382	1057
382	1422
382	1305
382	846
382	676
382	637
382	1035
382	708
382	906
382	1002
382	783
382	695
382	891
382	419
382	1369
382	964
382	817
382	1162
382	1068
382	1127
382	1429
382	1073
382	1211
382	925
382	954
382	867
382	759
382	1348
382	1296
382	1402
382	1149
382	1168
382	540
382	1260
382	586
382	1160
382	1064
382	1346
382	632
382	1001
382	1054
382	1265
382	961
382	1405
382	1293
382	440
382	712
382	454
382	880
382	558
382	689
382	1284
382	447
382	1291
382	806
382	1353
382	1417
382	682
382	1120
382	1096
382	433
382	1401
382	431
382	1298
382	1088
382	927
382	633
382	495
382	1294
382	1283
382	1336
382	704
382	1036
382	681
382	750
382	1175
382	1043
382	1122
382	526
382	820
382	730
382	1326
382	549
382	1104
382	1187
382	1395
382	612
382	874
382	691
382	1292
382	914
382	796
382	1183
382	642
382	1414
382	929
382	1056
382	1107
382	395
382	661
382	508
382	1197
382	727
382	417
382	1106
382	530
382	422
382	551
382	769
382	776
382	797
382	1050
382	1152
382	821
382	613
382	504
382	988
382	1397
382	749
382	1135
382	705
383	388
384	585
385	388
385	1111
386	388
386	1254
386	432
387	388
388	839
388	1207
388	436
388	1240
388	1272
388	1041
388	1058
388	1097
388	1378
388	841
388	494
388	836
388	928
388	1256
388	1059
388	946
388	932
388	1288
388	1042
388	1146
388	522
388	1132
388	1150
388	778
388	1131
388	652
388	418
388	1410
388	406
388	1279
388	492
388	1034
388	782
388	826
388	1232
388	754
388	394
388	1136
388	466
388	1046
388	1172
388	1246
388	950
388	1249
388	470
388	1222
388	1099
388	943
388	1101
388	1241
388	970
388	731
388	583
388	868
388	423
388	1125
388	816
388	827
388	1426
388	1337
388	545
388	674
388	1245
388	1423
388	849
388	992
388	1381
388	990
388	1368
388	1242
388	640
388	512
388	1316
388	858
388	562
388	747
388	1060
388	563
388	1261
388	944
388	435
388	1306
388	1121
388	837
388	648
388	1344
388	1338
388	576
388	560
388	420
388	1255
388	1355
388	779
388	534
388	657
388	1421
388	1074
388	510
388	664
388	1047
388	1144
388	757
388	1315
388	1386
388	557
388	870
388	948
388	886
388	871
388	607
388	1010
388	410
388	1018
388	580
388	463
388	473
388	628
388	1295
388	434
388	916
388	647
388	421
388	1362
388	777
388	1158
388	1286
388	1254
388	1299
388	949
388	1359
388	1281
388	460
388	1071
388	736
388	733
388	863
388	1024
388	1300
388	401
388	1118
388	1227
388	467
388	1270
388	723
388	748
388	1093
388	1078
388	413
388	432
388	416
388	402
388	1257
388	666
388	1253
388	649
388	1086
388	1358
388	621
388	1142
388	521
389	708
389	1127
390	1231
390	1226
390	941
391	1193
391	1346
391	642
391	1319
391	953
392	532
392	1127
393	1350
394	1140
395	625
395	701
396	1385
398	1130
399	710
403	565
404	946
405	1396
405	902
405	1427
408	1042
410	1314
410	922
411	497
412	723
413	886
414	585
414	749
415	913
416	1378
417	1420
417	626
420	1271
420	1153
420	792
421	1024
422	1402
423	1172
423	1344
423	723
425	1042
426	552
427	1225
428	1042
428	886
428	1331
429	585
429	1139
430	1428
430	1106
431	585
432	1254
432	1208
433	449
435	1426
435	722
435	763
436	573
436	832
437	1042
437	1121
438	1423
438	992
439	1352
441	1042
442	1031
442	537
442	721
444	1439
445	1299
446	1122
447	536
450	914
451	1042
451	723
452	778
453	1042
456	1127
457	855
457	1040
458	1042
459	1153
461	1378
462	1166
462	1391
464	1404
465	1405
468	585
468	613
469	855
469	1267
469	812
470	1279
470	819
471	585
472	585
473	1164
474	585
474	1127
475	532
475	515
475	502
475	744
476	1385
477	902
477	1139
478	692
479	1021
481	1425
482	902
482	1032
483	1042
483	630
484	710
484	878
486	1288
486	990
487	522
487	1142
488	1219
489	653
490	855
491	991
495	1051
496	604
497	1195
497	727
497	1317
498	1372
499	698
500	952
501	855
501	917
501	538
503	855
505	1385
505	840
505	704
506	1001
507	571
507	604
507	703
507	1375
509	616
510	1406
511	1217
512	1133
513	1170
514	1127
514	633
514	1280
516	1060
517	1425
517	1269
520	1240
522	830
522	1089
522	1315
522	1178
522	1016
522	1216
522	1383
522	1228
522	1390
522	1005
522	1119
523	667
524	953
525	1127
526	676
527	532
527	1096
527	1409
529	692
530	558
531	1042
532	991
532	889
532	1333
532	635
532	629
534	1071
535	1042
536	1396
539	1289
541	1425
541	711
543	1378
544	855
546	991
547	902
549	1219
550	1125
550	640
551	1277
552	1153
553	1081
553	906
554	1035
555	1192
559	992
560	657
560	1144
560	1092
560	829
561	979
562	970
562	1198
562	1143
562	1398
564	1348
564	880
565	893
565	1042
565	1299
566	855
567	1153
568	1202
569	1042
569	754
569	885
570	585
570	727
571	682
572	855
574	993
574	618
574	1168
576	782
577	1090
578	727
579	902
580	1256
580	1086
581	1035
584	855
585	788
585	1067
585	688
585	679
585	843
585	1434
585	1400
585	1000
585	973
585	892
585	774
585	972
585	1349
585	1332
585	638
585	811
585	803
585	1049
585	1219
585	1403
585	1373
585	800
587	640
587	665
588	1042
589	1042
592	1289
593	1042
593	648
594	855
594	966
594	1309
595	1153
596	725
597	1042
599	737
599	661
600	1042
601	1279
601	640
601	768
604	1350
604	984
605	1103
605	1127
606	1042
608	956
609	1340
609	1175
609	1436
609	629
610	1289
614	1042
615	1396
615	1095
615	663
615	854
615	1027
616	946
617	1197
618	1396
618	993
619	902
620	779
622	692
623	754
624	1279
626	1268
627	855
628	978
630	1042
631	1068
631	784
633	1020
634	1042
634	773
636	1027
637	865
637	1363
637	772
637	730
637	1403
637	769
638	902
638	800
639	1425
640	1133
640	1237
640	793
640	862
641	710
642	1193
642	1346
643	1396
643	914
644	1243
645	946
649	1125
649	674
651	1182
651	1211
652	1110
654	1422
655	1401
656	1206
657	1144
658	692
660	946
664	1084
667	692
668	691
668	953
669	744
671	1437
671	767
673	1042
674	1125
674	852
675	1289
677	1127
678	1422
679	993
679	967
680	888
681	1294
682	1149
682	1088
683	1153
684	1042
684	1245
685	1137
687	1067
690	1437
692	1100
692	930
692	866
692	995
692	896
693	1197
694	1286
696	778
696	939
700	1288
702	1035
705	1023
706	1396
707	1289
709	903
710	1179
710	718
710	1011
710	1399
710	878
710	1327
710	1292
712	805
713	1042
714	776
715	1042
715	968
716	1042
716	731
720	902
723	1172
723	1344
726	732
729	855
730	772
730	769
731	1281
732	1042
732	990
732	1364
732	743
732	1053
734	1363
735	913
738	1197
739	1396
739	1043
741	914
742	1042
742	838
744	1382
746	1363
747	1330
749	813
752	1420
753	855
754	1061
755	1042
758	1324
759	972
759	1020
760	1279
760	1047
761	855
761	1225
761	1033
761	1039
761	1419
762	887
764	913
765	1192
766	1038
767	1042
769	772
770	1153
771	855
771	965
771	1413
771	898
771	917
773	1042
775	1042
775	1241
776	920
776	1278
777	1198
777	1259
778	939
779	1339
780	1264
781	1438
782	1236
782	1090
782	1070
782	793
782	1007
783	1356
783	1436
783	1056
785	855
786	1245
787	1396
787	1035
789	1042
790	950
791	1042
791	943
791	881
792	868
792	884
794	1042
794	1060
795	1289
796	1054
797	1350
797	851
798	855
799	1385
799	1396
799	840
800	1422
801	1312
802	1361
804	1425
806	845
807	1425
808	950
811	1401
814	855
814	873
814	965
814	1112
815	1425
818	1310
819	1042
821	1341
823	1166
824	841
825	992
826	1241
827	963
828	1224
829	1042
831	1153
834	1279
837	1007
838	1042
838	1423
839	1316
842	1001
843	914
844	1396
844	1231
844	1226
844	1168
847	1180
847	1102
850	902
851	1350
853	1378
854	1231
855	902
855	1082
855	959
855	1194
855	1220
855	861
855	1169
855	1428
855	1212
855	872
855	1174
855	1040
855	1032
855	1225
855	1318
855	1006
855	1215
855	1301
855	910
855	1106
855	882
855	1342
855	1258
855	1367
855	1114
855	1321
855	1039
855	983
855	1124
855	1184
856	1279
859	965
863	1246
863	924
864	1042
865	902
869	1289
871	1271
871	1227
875	1207
875	1240
876	1352
877	1378
879	985
880	1351
883	1255
883	1315
885	1331
885	1380
888	902
890	1042
893	971
893	1113
893	1282
894	1042
894	1019
895	946
897	1425
899	1067
900	1031
902	1422
902	1161
902	989
902	1240
903	1422
905	1042
906	1387
906	1127
906	954
906	1077
907	1124
909	1042
911	953
911	974
912	1035
913	946
913	1199
913	1412
913	1244
914	1087
914	947
916	1085
918	1035
919	1224
920	1396
921	1396
922	1042
932	1128
933	1146
933	1121
935	1432
936	1420
937	1070
938	1224
941	1396
941	1226
942	1042
942	1145
945	1042
946	1411
946	1432
946	1076
946	1202
952	1352
953	974
954	1127
955	965
956	1276
956	1115
956	1106
957	1197
958	1042
960	1042
961	1081
961	964
962	1361
964	1081
964	1434
968	1042
969	1344
973	1404
975	1289
977	1396
977	1103
978	1042
978	1263
978	980
982	1042
987	1042
988	1371
992	1207
992	1131
992	1411
992	1052
992	1266
992	1070
992	1163
994	1127
996	1035
996	1293
997	1031
998	1042
998	1316
998	1177
999	1127
1003	1425
1004	1425
1005	1058
1008	1042
1012	1042
1013	1097
1013	1279
1014	1153
1022	1396
1026	1124
1028	1289
1029	1219
1030	1288
1031	1130
1034	1252
1034	1303
1035	1196
1035	1192
1035	1307
1037	1042
1037	1360
1038	1402
1039	1225
1041	1145
1042	1110
1042	1113
1042	1164
1042	1166
1042	1304
1042	1072
1042	1431
1042	1388
1042	1259
1042	1181
1042	1239
1042	1437
1042	1406
1042	1391
1042	1331
1042	1208
1042	1177
1042	1085
1042	1343
1042	1063
1042	1407
1042	1223
1042	1123
1042	1235
1042	1204
1042	1230
1042	1190
1042	1145
1042	1111
1042	1205
1042	1248
1042	1165
1042	1275
1048	1090
1051	1108
1052	1256
1053	1190
1053	1209
1055	1108
1056	1356
1065	1081
1065	1068
1067	1159
1068	1291
1068	1397
1068	1425
1069	1425
1070	1075
1070	1080
1071	1213
1075	1411
1077	1108
1079	1279
1079	1091
1083	1289
1086	1256
1088	1149
1090	1138
1096	1389
1096	1334
1100	1233
1101	1234
1103	1274
1103	1373
1105	1152
1106	1369
1107	1379
1113	1240
1116	1425
1118	1423
1126	1272
1127	1334
1127	1247
1129	1325
1130	1328
1131	1207
1137	1425
1147	1184
1151	1425
1153	1273
1153	1352
1153	1415
1153	1243
1153	1290
1153	1384
1155	1197
1157	1324
1160	1348
1166	1378
1168	1396
1168	1231
1172	1344
1173	1348
1176	1378
1182	1211
1186	1253
1187	1326
1188	1279
1189	1240
1193	1346
1197	1289
1201	1414
1218	1420
1221	1425
1231	1396
1231	1387
1231	1297
1231	1370
1232	1257
1235	1249
1236	1279
1238	1385
1240	1314
1240	1427
1240	1408
1240	1354
1240	1282
1245	1381
1245	1285
1246	1439
1254	1432
1262	1417
1264	1393
1264	1404
1272	1421
1278	1414
1279	1427
1282	1299
1287	1425
1291	1397
1297	1350
1303	1337
1305	1311
1321	1322
1324	1378
1325	1351
1327	1399
1329	1335
1344	1366
1348	1389
1352	1372
1362	1377
1363	1404
1365	1438
1370	1417
1378	1424
1385	1392