156
0 47
0 18
1 35
2 35
2 21
3 143
3 89
4 35
5 93
5 131
6 35
7 35
7 115
8 35
9 116
10 63
10 114
11 63
11 114
11 56
12 36
12 124
13 114
14 35
15 59
16 36
17 35
19 85
19 27
19 25
19 35
20 36
21 35
21 155
21 98
22 35
23 89
24 35
24 107
24 81
26 59
28 35
29 143
29 123
30 114
31 35
32 36
33 36
34 143
34 133
35 104
35 36
35 146
35 86
35 136
35 75
35 132
35 113
35 101
35 73
35 117
35 58
35 84
35 149
35 150
35 46
35 134
35 148
35 154
35 127
35 94
35 115
35 103
35 119
35 129
35 141
35 99
35 126
35 42
35 71
36 85
36 121
36 77
36 67
36 114
36 53
36 152
36 118
36 70
37 116
38 114
39 58
40 143
41 143
41 139
43 143
44 143
45 116
46 143
46 107
46 71
46 64
47 120
48 59
48 140
48 55
49 143
50 78
51 116
52 106
52 82
53 97
54 116
57 148
59 132
59 66
59 79
59 142
60 114
60 74
61 73
62 104
62 75
65 132
65 115
68 140
69 85
71 81
72 129
74 114
75 114
76 143
78 114
80 143
81 107
82 143
82 147
82 153
82 108
82 109
83 132
87 116
88 114
89 92
90 143
91 143
92 143
92 102
93 143
95 143
96 128
100 109
104 110
105 128
106 143
106 145
111 143
112 116
116 143
122 148
125 143
128 143
128 145
128 135
128 137
130 143
131 143
138 143
139 143
143 151
143 144
