1440
71 6
287 123
1206 842
1206 1164
1206 1240
1206 1393
618 100
115 67
927 1418
927 954
927 1032
927 1283
1190 1418
1190 798
1190 1067
1190 1323
131 6
1080 1012
999 763
967 1233
1417 1418
1417 1133
1417 1230
1417 1299
1417 1316
898 1418
898 1229
1070 882
1070 990
1070 1225
1070 1301
1070 1317
1070 1362
1191 833
1191 842
252 100
1426 842
1426 1277
280 68
1044 1418
209 6
1168 1413
1168 1385
27 6
27 59
27 220
1318 842
78 6
78 164
1361 1001
1361 1342
914 779
246 6
246 323
1396 894
1396 981
986 1418
986 887
986 992
986 1043
986 1354
427 6
427 129
262 242
262 342
106 56
106 481
459 100
1207 1072
1207 1198
1350 1204
1350 1338
1350 1374
162 116
431 68
751 68
751 226
751 744
991 997
991 1283
780 771
974 812
102 18
102 57
102 163
102 291
102 453
387 98
387 336
691 682
691 722
691 741
691 748
1020 1418
350 2
350 24
476 180
7 6
857 1418
373 11
373 116
56 6
56 43
56 91
56 204
56 430
149 6
149 303
5 3
5 4
441 189
365 94
1400 1393
1194 1023
654 33
654 396
822 884
446 153
446 169
446 414
176 100
176 188
176 218
574 151
574 235
574 544
1165 802
1165 980
1014 1418
1014 1040
1014 1235
456 100
456 166
456 319
456 494
456 497
456 623
470 319
62 6
62 241
62 238
62 399
62 493
62 505
1262 842
153 6
153 449
200 100
1259 1418
1259 1097
884 779
1273 1001
1273 1298
1322 842
1322 848
1398 1393
1398 1401
598 406
768 763
357 6
357 155
357 256
445 68
445 274
214 482
985 1418
985 958
985 1049
985 1365
384 68
384 215
757 750
1382 1360
1031 1023
333 302
1391 1236
1391 1330
1391 1392
167 136
100 67
100 108
100 144
100 166
100 179
100 227
100 231
100 245
100 248
100 251
100 263
100 273
100 268
100 278
100 276
100 277
100 304
100 319
100 331
100 346
100 343
100 382
100 394
100 404
100 412
100 423
100 429
100 436
100 439
100 440
100 444
100 448
100 451
100 467
100 483
100 486
100 508
100 511
100 523
100 549
100 551
100 554
100 560
100 562
100 579
100 585
100 586
100 587
100 589
100 605
100 609
100 610
100 612
100 613
100 615
100 623
100 631
100 641
100 644
100 675
100 726
1060 1199
602 235
699 68
699 151
699 389
975 965
1136 1418
1136 1325
524 6
524 571
524 616
775 682
775 748
37 6
37 50
37 260
37 500
1104 1023
605 560
372 88
597 235
260 6
260 50
260 462
260 500
57 6
57 148
57 183
57 272
57 409
57 606
242 6
242 113
242 212
242 257
242 516
638 88
1186 1418
1186 1068
1186 1294
1186 1389
98 2
98 6
98 30
98 48
98 170
98 249
98 272
98 494
98 617
826 779
164 6
481 6
481 192
481 370
481 443
481 520
481 530
481 563
481 570
481 655
812 823
812 836
812 859
812 860
812 896
812 905
812 937
113 109
253 6
1018 1418
1327 1418
774 226
1130 842
1130 997
1153 1023
875 881
1161 823
1118 1418
439 429
957 1418
368 67
368 243
368 417
368 485
1163 1418
1163 1208
174 94
503 489
1314 823
1314 871
1314 1176
1314 1205
2 6
2 19
2 30
2 42
2 47
2 51
2 110
2 172
2 189
2 210
2 219
2 249
2 254
2 321
2 326
2 370
2 406
2 422
2 464
2 504
2 635
325 6
325 595
325 667
781 1418
781 865
781 946
781 1062
1166 1418
484 596
608 50
1 4
1 6
1 14
912 871
912 882
711 533
285 6
285 33
285 488
863 823
863 911
880 786
880 796
880 871
1114 1418
1114 1439
1114 865
1114 984
1114 1282
978 883
978 979
947 1418
607 561
1358 842
1084 1436
1084 1023
1084 1158
1084 1175
1193 882
1193 998
83 6
83 639
31 4
30 6
30 158
30 224
30 249
30 495
710 226
710 731
204 44
852 801
852 841
852 1115
1030 1418
1030 1424
565 6
565 315
855 1418
855 1423
34 11
34 40
718 67
390 277
1281 1413
726 251
726 728
726 740
120 6
1062 1418
202 6
202 105
202 201
202 289
202 369
1174 823
1174 849
1174 961
1359 1330
54 6
54 104
39 103
39 169
1096 842
1096 871
1096 1106
1096 1132
1096 1140
1096 1145
588 696
1002 990
680 641
1338 842
487 6
874 883
874 1117
951 779
247 46
247 160
1284 842
1284 1364
564 6
1049 1192
709 235
190 107
190 210
190 249
893 1418
893 1013
171 227
662 533
662 733
819 763
650 624
1277 1132
1110 842
816 1160
210 107
6 0
6 9
6 11
6 15
6 18
6 21
6 23
6 24
6 29
6 33
6 36
6 38
6 41
6 44
6 45
6 46
6 50
6 53
6 55
6 58
6 59
6 60
6 61
6 64
6 66
6 65
6 67
6 68
6 69
6 70
6 73
6 72
6 74
6 76
6 75
6 79
6 80
6 82
6 85
6 84
6 86
6 87
6 88
6 89
6 92
6 95
6 96
6 97
6 99
6 107
6 103
6 105
6 109
6 112
6 111
6 116
6 117
6 118
6 122
6 126
6 124
6 129
6 128
6 133
6 132
6 139
6 137
6 141
6 142
6 148
6 154
6 155
6 152
6 151
6 160
6 159
6 161
6 168
6 165
6 169
6 173
6 178
6 181
6 184
6 185
6 197
6 196
6 198
6 195
6 203
6 201
6 206
6 207
6 211
6 215
6 213
6 221
6 226
6 222
6 223
6 220
6 216
6 225
6 228
6 229
6 233
6 235
6 240
6 244
6 243
6 249
6 1430
6 250
6 257
6 255
6 270
6 271
6 281
6 282
6 286
6 284
6 289
6 301
6 296
6 298
6 295
6 297
6 303
6 307
6 314
6 313
6 315
6 323
6 322
6 332
6 330
6 335
6 334
6 336
6 341
6 344
6 342
6 345
6 355
6 352
6 354
6 358
6 353
6 348
6 363
6 360
6 371
6 374
6 375
6 376
6 386
6 380
6 385
6 391
6 392
6 395
6 399
6 398
6 402
6 405
6 403
6 408
6 410
6 411
6 416
6 418
6 420
6 421
6 425
6 430
6 433
6 434
6 438
6 447
6 452
6 457
6 458
6 460
6 472
6 482
6 488
6 491
6 500
6 501
6 506
6 509
6 510
6 513
6 514
6 525
6 527
6 528
6 532
6 531
6 534
6 533
6 537
6 539
6 545
6 551
6 569
6 573
6 593
6 596
6 599
6 603
6 606
6 621
6 639
6 643
6 656
6 667
6 669
6 671
6 677
6 678
6 684
6 689
6 696
6 700
6 738
110 129
805 1009
1221 1339
1386 842
1386 996
1057 842
1057 1341
1340 1001
739 702
739 703
739 753
1269 1001
141 540
141 764
1435 842
1435 1152
743 682
651 622
569 244
813 1419
813 1026
1369 842
736 702
345 97
345 578
661 235
1113 890
8 0
221 312
221 328
221 604
232 146
683 678
1032 1418
1032 913
1032 954
1032 1283
1032 1297
1032 1303
636 235
578 533
827 1418
827 810
1240 842
1240 1309
1240 1393
989 820
989 990
1390 1023
1000 1418
538 551
1364 1429
408 477
408 518
25 151
1275 842
1337 842
465 21
862 1418
862 1385
332 321
332 540
1356 823
1198 1437
1198 1300
1368 842
548 514
1011 1042
1011 1094
749 702
478 180
478 388
478 401
142 279
142 300
584 68
584 689
933 1418
933 955
318 180
1345 842
1345 1091
593 92
593 168
593 416
881 871
881 1145
993 1004
45 48
45 123
45 130
45 138
45 135
45 146
45 158
45 211
45 219
45 415
539 177
539 297
348 428
348 489
629 622
629 659
909 1418
963 779
1425 842
1185 1023
358 243
358 341
1381 1418
1024 998
907 834
1218 958
1218 998
1083 1413
1029 871
1029 1046
460 180
911 1418
911 1224
1077 1418
1077 926
1429 842
1429 979
1309 1418
1309 1439
1309 1016
1309 1121
1309 1164
830 773
830 1117
665 67
1210 842
1241 1023
681 18
681 235
697 103
1403 1397
910 801
834 763
834 828
847 1418
847 856
847 938
847 939
1353 842
596 35
191 146
972 968
103 20
103 555
1219 871
1219 1068
379 53
379 181
1313 990
267 36
267 255
1301 945
1071 1418
1230 842
97 224
97 688
970 965
72 217
72 567
72 646
645 273
1086 1413
995 1418
995 966
995 1204
1232 1311
1297 877
961 1418
961 1201
961 1332
961 1384
1013 1418
1013 1147
866 865
966 837
1188 842
1188 1279
965 882
965 934
104 84
502 489
1105 1418
512 340
454 169
825 682
122 121
122 442
1117 1418
529 364
1433 235
1209 842
1209 1065
628 561
840 837
867 1418
716 682
542 67
918 779
471 336
717 641
175 23
581 561
1252 842
1052 823
850 779
198 298
1075 1418
1075 1413
1075 1308
488 33
475 432
901 890
1069 1418
1069 1177
868 1418
161 410
294 129
294 151
294 1103
1034 1418
1034 882
756 734
13 14
950 779
1294 842
346 644
1033 1418
1270 1413
856 1282
428 233
770 799
755 734
869 779
869 835
158 48
158 219
1293 952
258 180
1348 842
435 94
23 324
23 537
23 572
23 672
1248 842
295 531
165 566
595 68
688 531
688 594
1251 842
1251 1126
1195 1418
1195 1051
1195 1054
1195 1316
1208 877
1278 1287
973 763
1050 935
1050 998
1140 842
1140 930
1140 1132
704 715
653 112
653 249
52 151
52 220
536 36
536 599
617 235
617 406
320 248
136 68
136 147
136 383
1341 794
1341 842
823 1418
823 809
823 838
823 1427
823 916
823 945
823 1067
823 1178
823 1286
823 1287
823 1299
823 1311
1357 842
82 339
123 134
123 261
123 306
123 381
123 382
123 551
888 1418
888 1041
888 1333
811 1418
811 1134
53 77
53 256
732 693
193 248
127 169
4 3
4 10
4 12
4 32
4 74
787 763
787 788
787 789
92 168
92 416
1375 894
166 150
166 319
166 504
166 623
692 544
1280 1418
877 1418
877 955
877 956
877 959
877 1043
1355 842
1355 1019
81 235
784 763
784 779
784 815
784 851
784 897
784 922
737 533
776 440
929 1418
929 1120
929 1406
339 244
1135 1418
1076 928
1076 1039
1076 1216
24 270
984 842
793 779
1242 842
305 68
305 233
603 635
603 652
603 658
682 70
682 533
682 694
682 702
682 707
682 735
682 745
682 746
682 1187
237 68
145 144
367 68
367 696
1224 842
192 68
326 47
437 36
437 678
729 693
1274 842
920 1427
469 67
469 128
1124 1418
728 273
479 429
479 587
1287 842
764 226
516 313
226 181
226 225
226 316
226 489
226 521
226 626
226 686
226 719
226 720
226 725
226 727
226 734
226 759
226 761
226 762
949 829
1212 1023
130 311
130 313
1308 1045
1228 842
765 782
1244 1091
802 1418
802 890
846 763
919 1418
919 1028
1148 990
971 1047
1246 987
1246 990
328 68
432 74
432 235
432 559
432 590
554 647
443 235
1377 1053
1377 1217
534 132
534 239
599 230
599 677
599 690
468 68
468 205
468 425
468 580
263 664
243 341
1408 1418
1408 1220
433 421
282 85
282 299
1012 1418
1012 943
1012 1066
1012 1323
515 677
1039 1418
1039 899
1039 1234
1039 1335
831 763
501 61
501 652
558 486
553 235
553 634
1196 1413
724 763
88 230
154 234
461 144
461 440
833 1418
1349 1418
1349 1092
289 105
289 201
721 576
721 687
714 690
1102 842
1119 1137
178 46
178 546
63 76
626 76
1271 842
76 42
76 447
76 576
76 698
76 754
913 899
1100 1418
1100 1046
1100 1169
1008 1418
1008 792
59 220
1265 842
1265 1315
1326 842
1326 1223
235 1431
235 1432
235 283
235 378
235 406
235 490
235 543
235 546
235 566
235 568
235 576
235 600
235 604
235 620
235 687
1051 1418
570 244
550 561
820 1418
820 1111
820 1380
861 837
180 114
180 259
180 338
180 347
180 359
180 388
180 401
180 407
767 763
329 105
329 181
1125 1122
70 68
70 290
70 352
70 480
1022 1418
1022 976
1022 1041
1022 1058
1022 1129
1038 1418
1038 837
352 68
143 74
771 1418
771 924
1360 842
1360 936
1131 842
144 364
630 561
1021 1418
1082 1418
1181 998
964 1418
964 891
1047 1418
1047 904
754 323
632 561
1332 1418
117 125
1213 1072
1099 1072
1099 1141
533 203
533 449
533 551
533 666
533 676
533 679
533 690
112 293
1036 1093
500 50
583 531
1007 1420
1007 1418
1007 1373
1151 842
1331 1413
151 67
151 309
151 492
151 750
928 1418
928 1233
323 455
1085 1413
1388 842
330 213
330 238
330 678
1139 1035
962 801
962 836
310 169
310 298
590 668
590 674
943 1418
943 1376
1149 871
1149 1016
944 1418
944 1122
944 1184
871 1418
871 804
871 806
871 930
871 956
871 1123
871 1133
871 1176
747 319
747 440
1380 1418
1380 1111
361 675
35 510
1023 1042
1023 1061
1023 1072
1023 1116
1023 1179
1023 1182
1023 1211
1023 1255
1023 1288
1023 1307
1023 1394
1112 1413
67 90
67 349
67 389
67 466
67 494
67 504
67 611
67 642
67 649
67 685
67 701
67 758
67 773
547 404
547 551
510 418
1328 842
1146 1041
1066 1152
1167 842
795 1418
795 1222
1419 1418
1220 842
1064 1418
319 623
1424 842
351 109
969 1418
969 908
1035 1418
1035 1059
1035 1073
1035 1256
284 426
853 1418
853 1409
853 990
440 612
440 664
440 769
926 1418
1041 1157
752 702
879 773
712 702
126 169
1415 1418
1415 1238
889 773
889 783
889 1171
229 403
1160 1418
1042 1418
1042 1339
1438 763
1215 1016
1173 842
307 377
307 392
670 641
1352 842
1352 940
1205 1178
391 363
1094 1418
1094 1257
725 363
796 1418
1279 1201
360 84
1068 1418
335 1432
1365 1418
1365 958
1152 1418
1101 842
1101 1073
1101 1256
216 507
208 105
208 213
124 573
698 68
762 129
517 74
517 215
1172 842
708 715
299 33
601 561
14 16
14 17
14 545
824 1418
1343 1204
695 68
543 36
624 406
624 600
627 561
738 640
1227 842
1107 1418
1107 790
1107 878
1107 1254
758 448
401 388
1416 1418
413 169
292 293
614 622
1385 1418
426 296
713 690
1305 836
1305 842
1420 1418
366 74
366 355
1171 1418
1171 1155
1171 1295
68 119
68 140
68 157
68 187
68 189
68 194
68 239
68 264
68 274
68 265
68 275
68 337
68 393
68 389
68 400
68 442
68 450
68 463
68 495
68 499
68 507
68 577
772 1418
359 407
1330 842
1330 894
556 561
94 139
94 168
94 199
841 801
254 385
254 591
422 169
1121 1418
1121 1016
1121 1164
946 981
730 702
522 531
945 990
945 1009
945 1402
979 1418
133 41
133 86
133 424
133 458
998 1418
998 1017
998 1093
998 1123
998 1159
998 1321
797 763
1264 1201
1154 1143
777 783
606 148
1078 1418
1203 842
1203 1026
139 64
139 274
139 293
1132 804
1132 842
1202 1418
1336 842
1336 1098
829 801
829 915
844 1418
844 1245
568 66
273 364
273 633
273 706
1376 842
720 207
676 116
832 952
1399 1397
715 690
51 99
186 187
1298 842
1298 952
1040 1016
561 36
561 531
561 557
561 594
561 625
561 663
1339 948
1156 842
619 622
1263 1418
783 848
783 1295
1123 1334
836 1418
836 908
473 364
883 1418
1237 842
1237 1142
1088 1418
1088 1025
1088 1310
785 935
0 19
0 20
0 22
0 28
0 156
0 177
1414 1413
794 1418
742 745
1272 842
1257 1418
519 406
48 219
600 50
600 637
902 876
902 990
1004 990
1004 1027
821 1418
821 845
1363 842
1363 1276
1197 842
1197 1115
1197 1226
1197 1371
1296 1418
385 591
656 266
656 265
1418 1409
1418 773
1418 792
1418 798
1418 800
1418 801
1418 803
1418 804
1418 808
1418 807
1418 837
1418 842
1418 1413
1418 1427
1418 1434
1418 858
1418 872
1418 876
1418 878
1418 882
1418 886
1418 891
1418 890
1418 894
1418 899
1418 906
1418 931
1418 930
1418 932
1418 936
1418 935
1418 940
1418 948
1418 952
1418 953
1418 954
1418 958
1418 960
1418 976
1418 977
1418 980
1418 981
1418 982
1418 983
1418 987
1418 988
1418 990
1418 992
1418 994
1418 996
1418 997
1418 1003
1418 1005
1418 1006
1418 1010
1418 1015
1418 1016
1418 1019
1418 1026
1418 1027
1418 1028
1418 1037
1418 1045
1418 1046
1418 1059
1418 1063
1418 1065
1418 1073
1418 1074
1418 1081
1418 1089
1418 1095
1418 1097
1418 1111
1418 1108
1418 1115
1418 1126
1418 1428
1418 1143
1418 1164
1418 1169
1418 1170
1418 1180
1418 1184
1418 1189
1418 1199
1418 1200
1418 1233
1418 1238
1418 1249
1418 1258
1418 1261
1418 1283
1418 1282
1418 1306
1418 1302
1418 1310
1418 1312
1418 1325
1418 1333
1418 1347
1418 1370
1418 1383
1418 1387
1413 1055
1413 1056
1413 1087
1413 1222
1413 1285
1267 1053
1268 842
135 311
1421 773
392 288
977 987
977 1261
977 1378
723 690
980 1412
980 1311
1405 1404
657 615
356 116
894 1081
954 1283
938 939
551 203
1073 1059
1261 987
527 340
1236 842
1236 1025
1162 1204
659 622
189 383
189 495
778 773
1037 936
885 779
1090 842
1320 842
90 168
29 301
169 455
169 541
169 575
677 369
1178 1164
983 1079
858 923
376 474
882 1292
940 886
1304 842
1304 931
400 355
719 342
1367 842
201 105
201 194
1291 842
1291 1214
1204 842
1204 1324
250 95
686 173
1144 842
545 121
170 181
779 835
779 843
779 864
779 870
779 941
168 416
168 499
930 804
838 807
1412 842
50 622
50 642
921 837
1053 801
1053 842
1342 842
575 36
19 26
86 41
86 458
591 249
968 801
582 537
504 494
504 806
818 763
96 1431
842 1423
842 848
842 1001
842 1025
842 1091
842 1098
842 1122
842 1127
842 1128
842 1134
842 1137
842 1138
842 1407
842 1411
842 1422
842 1142
842 1183
842 1201
842 1214
842 1217
842 1223
842 1231
842 1235
842 1239
842 1243
842 1245
842 1256
842 1254
842 1253
842 1260
842 1295
842 1315
842 1329
842 1344
842 1354
842 1366
842 1373
842 1378
842 1379
842 1393
1009 990
33 396
1292 1027
1250 1201
28 26
28 380
1404 1393
535 495
531 419
531 526
1072 1266
159 215
1290 1295
804 817
804 903
417 611
181 225
1422 792
1422 1397
791 763
341 49
212 107
1312 801
498 36
895 763
750 36
848 773
848 873
493 185
1378 1253
1010 1015
643 648
693 690
509 15
509 185
687 213
839 773
839 891
450 128
592 552
505 74
213 678
213 763
1006 1017
814 763
1243 1373
302 36
981 1183
981 1346
393 537
308 18
1372 1001
1372 1138
99 269
1351 1091
790 773
917 763
217 107
690 673
458 41
952 959
1319 1307
806 773
74 93
74 138
74 236
74 316
74 474
74 552
537 182
892 763
1169 1046
734 482
552 342
782 763
1016 1164
1016 1393
1397 1393
660 622
49 18
808 803
101 355
900 763
990 1409
990 1048
1238 854
1409 1410
227 327
215 620
622 41
1183 1247
817 801
942 801
402 464
1410 773
694 705
1109 1001
317 389
854 773
362 36
15 185
1276 1201
1283 1231
207 541
1182 1289
1150 1145
187 107
925 801
799 763
1395 1393
434 496
530 79
1253 987
763 760
763 766
340 84
641 397
