156
119 147
105 39
142 148
142 141
66 39
120 39
153 71
114 39
114 115
152 71
135 147
135 74
135 80
144 147
144 73
144 108
117 104
27 148
27 136
27 44
99 147
93 84
7 148
7 9
7 154
15 150
82 21
82 85
118 132
116 147
73 148
73 147
73 109
73 121
134 39
16 148
2 6
41 132
126 39
62 147
62 81
68 147
65 81
45 148
45 18
112 132
112 113
6 148
37 150
106 132
140 146
36 1
36 19
26 21
122 97
151 148
48 147
39 0
39 147
39 40
39 89
39 131
39 132
39 97
39 102
39 111
136 149
136 137
20 148
98 147
98 56
91 147
94 67
25 150
57 147
17 148
34 38
10 148
71 0
71 147
67 147
100 81
4 148
4 141
47 21
72 147
38 148
130 104
130 123
58 147
12 150
70 147
92 147
147 50
147 51
147 53
147 54
147 52
147 55
147 60
147 59
147 63
147 64
147 69
147 75
147 78
147 81
147 84
147 86
147 87
147 88
147 90
147 139
147 95
147 96
147 103
147 107
147 110
143 146
154 21
155 127
49 21
128 127
128 129
60 79
108 110
108 109
74 54
123 132
84 61
28 148
83 0
54 132
29 148
29 9
29 31
29 32
29 33
29 46
132 101
132 104
132 113
132 124
3 148
76 52
77 52
77 139
138 146
1 148
1 43
125 146
14 148
23 150
59 139
11 148
110 109
146 52
146 127
146 145
13 148
124 133
35 148
24 150
30 148
150 148
150 8
148 5
148 18
148 21
148 22
148 149
148 42
