n	1.0e-04	1.0e-03	1.0e-02	1.0e-01	1.0e+00	1.0e+01	1.0e+02	1.0e+03	1.0e+04
0	0.000000	0.000000	0.000000	0.000000	0.000000	0.000000	0.000000	0.000000	0.000000	
1	0.666445	0.664452	0.645161	0.500000	0.153846	0.019417	0.001994	0.000200	0.000020	
2	0.666556	0.665557	0.655738	0.571429	0.250000	0.037736	0.003976	0.000400	0.000040	
3	0.666593	0.665927	0.659341	0.600000	0.315789	0.055046	0.005946	0.000599	0.000060	
4	0.666611	0.666112	0.661157	0.615385	0.363636	0.071429	0.007905	0.000799	0.000080	
5	0.666622	0.666223	0.662252	0.625000	0.400000	0.086957	0.009852	0.000999	0.000100	
6	0.666630	0.666297	0.662983	0.631579	0.428571	0.101695	0.011788	0.001198	0.000120	
7	0.666635	0.666349	0.663507	0.636364	0.451613	0.115702	0.013712	0.001397	0.000140	
8	0.666639	0.666389	0.663900	0.640000	0.470588	0.129032	0.015625	0.001596	0.000160	
9	0.666642	0.666420	0.664207	0.642857	0.486486	0.141732	0.017527	0.001795	0.000180	
10	0.666644	0.666445	0.664452	0.645161	0.500000	0.153846	0.019417	0.001994	0.000200	
11	0.666646	0.666465	0.664653	0.647059	0.511628	0.165414	0.021297	0.002193	0.000220	
12	0.666648	0.666482	0.664820	0.648649	0.521739	0.176471	0.023166	0.002391	0.000240	
13	0.666650	0.666496	0.664962	0.650000	0.530612	0.187050	0.025024	0.002590	0.000260	
14	0.666651	0.666508	0.665083	0.651163	0.538462	0.197183	0.026871	0.002788	0.000280	
15	0.666652	0.666519	0.665188	0.652174	0.545455	0.206897	0.028708	0.002987	0.000300	
16	0.666653	0.666528	0.665281	0.653061	0.551724	0.216216	0.030534	0.003185	0.000320	
17	0.666654	0.666536	0.665362	0.653846	0.557377	0.225166	0.032350	0.003383	0.000340	
18	0.666654	0.666543	0.665434	0.654545	0.562500	0.233766	0.034156	0.003581	0.000360	
19	0.666655	0.666550	0.665499	0.655172	0.567164	0.242038	0.035951	0.003778	0.000380	
20	0.666656	0.666556	0.665557	0.655738	0.571429	0.250000	0.037736	0.003976	0.000400	
21	0.666656	0.666561	0.665610	0.656250	0.575342	0.257669	0.039511	0.004174	0.000420	
22	0.666657	0.666566	0.665658	0.656716	0.578947	0.265060	0.041276	0.004371	0.000440	
23	0.666657	0.666570	0.665702	0.657143	0.582278	0.272189	0.043031	0.004568	0.000460	
24	0.666657	0.666574	0.665742	0.657534	0.585366	0.279070	0.044776	0.004766	0.000480	
25	0.666658	0.666578	0.665779	0.657895	0.588235	0.285714	0.046512	0.004963	0.000500	
26	0.666658	0.666581	0.665813	0.658228	0.590909	0.292135	0.048237	0.005160	0.000520	
27	0.666658	0.666584	0.665845	0.658537	0.593407	0.298343	0.049954	0.005357	0.000540	
28	0.666659	0.666587	0.665874	0.658824	0.595745	0.304348	0.051661	0.005553	0.000560	
29	0.666659	0.666590	0.665901	0.659091	0.597938	0.310160	0.053358	0.005750	0.000579	
30	0.666659	0.666593	0.665927	0.659341	0.600000	0.315789	0.055046	0.005946	0.000599	
31	0.666659	0.666595	0.665951	0.659574	0.601942	0.321244	0.056725	0.006143	0.000619	
32	0.666660	0.666597	0.665973	0.659794	0.603774	0.326531	0.058394	0.006339	0.000639	
33	0.666660	0.666599	0.665994	0.660000	0.605505	0.331658	0.060055	0.006535	0.000659	
34	0.666660	0.666601	0.666014	0.660194	0.607143	0.336634	0.061706	0.006731	0.000679	
35	0.666660	0.666603	0.666032	0.660377	0.608696	0.341463	0.063348	0.006927	0.000699	
36	0.666660	0.666605	0.666050	0.660550	0.610169	0.346154	0.064982	0.007123	0.000719	
37	0.666661	0.666607	0.666067	0.660714	0.611570	0.350711	0.066607	0.007319	0.000739	
38	0.666661	0.666608	0.666082	0.660870	0.612903	0.355140	0.068223	0.007514	0.000759	
39	0.666661	0.666610	0.666097	0.661017	0.614173	0.359447	0.069830	0.007710	0.000779	
40	0.666661	0.666611	0.666112	0.661157	0.615385	0.363636	0.071429	0.007905	0.000799	
41	0.666661	0.666612	0.666125	0.661290	0.616541	0.367713	0.073019	0.008100	0.000819	
42	0.666661	0.666614	0.666138	0.661417	0.617647	0.371681	0.074600	0.008295	0.000839	
43	0.666661	0.666615	0.666150	0.661538	0.618705	0.375546	0.076174	0.008490	0.000859	
44	0.666662	0.666616	0.666162	0.661654	0.619718	0.379310	0.077739	0.008685	0.000879	
45	0.666662	0.666617	0.666173	0.661765	0.620690	0.382979	0.079295	0.008880	0.000899	
46	0.666662	0.666618	0.666184	0.661871	0.621622	0.386555	0.080844	0.009075	0.000919	
47	0.666662	0.666619	0.666194	0.661972	0.622517	0.390041	0.082384	0.009269	0.000939	
48	0.666662	0.666620	0.666204	0.662069	0.623377	0.393443	0.083916	0.009464	0.000959	
49	0.666662	0.666621	0.666213	0.662162	0.624204	0.396761	0.085440	0.009658	0.000979	
50	0.666662	0.666622	0.666223	0.662252	0.625000	0.400000	0.086957	0.009852	0.000999	
51	0.666662	0.666623	0.666231	0.662338	0.625767	0.403162	0.088465	0.010046	0.001018	
52	0.666662	0.666624	0.666240	0.662420	0.626506	0.406250	0.089965	0.010240	0.001038	
53	0.666662	0.666625	0.666248	0.662500	0.627219	0.409266	0.091458	0.010434	0.001058	
54	0.666663	0.666626	0.666255	0.662577	0.627907	0.412214	0.092943	0.010628	0.001078	
55	0.666663	0.666626	0.666263	0.662651	0.628571	0.415094	0.094421	0.010821	0.001098	
56	0.666663	0.666627	0.666270	0.662722	0.629213	0.417910	0.095890	0.011015	0.001118	
57	0.666663	0.666628	0.666277	0.662791	0.629834	0.420664	0.097353	0.011208	0.001138	
58	0.666663	0.666628	0.666284	0.662857	0.630435	0.423358	0.098807	0.011402	0.001158	
59	0.666663	0.666629	0.666290	0.662921	0.631016	0.425993	0.100255	0.011595	0.001178	
60	0.666663	0.666630	0.666297	0.662983	0.631579	0.428571	0.101695	0.011788	0.001198	
61	0.666663	0.666630	0.666303	0.663043	0.632124	0.431095	0.103128	0.011981	0.001218	
62	0.666663	0.666631	0.666308	0.663102	0.632653	0.433566	0.104553	0.012174	0.001238	
63	0.666663	0.666631	0.666314	0.663158	0.633166	0.435986	0.105971	0.012366	0.001258	
64	0.666663	0.666632	0.666320	0.663212	0.633663	0.438356	0.107383	0.012559	0.001278	
65	0.666663	0.666632	0.666325	0.663265	0.634146	0.440678	0.108787	0.012751	0.001297	
66	0.666663	0.666633	0.666330	0.663317	0.634615	0.442953	0.110184	0.012944	0.001317	
67	0.666663	0.666634	0.666335	0.663366	0.635071	0.445183	0.111574	0.013136	0.001337	
68	0.666663	0.666634	0.666340	0.663415	0.635514	0.447368	0.112957	0.013328	0.001357	
69	0.666663	0.666634	0.666345	0.663462	0.635945	0.449511	0.114333	0.013520	0.001377	
70	0.666663	0.666635	0.666349	0.663507	0.636364	0.451613	0.115702	0.013712	0.001397	
71	0.666664	0.666635	0.666354	0.663551	0.636771	0.453674	0.117065	0.013904	0.001417	
72	0.666664	0.666636	0.666358	0.663594	0.637168	0.455696	0.118421	0.014096	0.001437	
73	0.666664	0.666636	0.666362	0.663636	0.637555	0.457680	0.119770	0.014287	0.001457	
74	0.666664	0.666637	0.666367	0.663677	0.637931	0.459627	0.121113	0.014479	0.001477	
75	0.666664	0.666637	0.666371	0.663717	0.638298	0.461538	0.122449	0.014670	0.001497	
76	0.666664	0.666637	0.666374	0.663755	0.638655	0.463415	0.123779	0.014861	0.001517	
77	0.666664	0.666638	0.666378	0.663793	0.639004	0.465257	0.125102	0.015052	0.001536	
78	0.666664	0.666638	0.666382	0.663830	0.639344	0.467066	0.126418	0.015243	0.001556	
79	0.666664	0.666639	0.666385	0.663866	0.639676	0.468843	0.127728	0.015434	0.001576	
80	0.666664	0.666639	0.666389	0.663900	0.640000	0.470588	0.129032	0.015625	0.001596	
81	0.666664	0.666639	0.666392	0.663934	0.640316	0.472303	0.130330	0.015816	0.001616	
82	0.666664	0.666640	0.666396	0.663968	0.640625	0.473988	0.131621	0.016006	0.001636	
83	0.666664	0.666640	0.666399	0.664000	0.640927	0.475645	0.132906	0.016197	0.001656	
84	0.666664	0.666640	0.666402	0.664032	0.641221	0.477273	0.134185	0.016387	0.001676	
85	0.666664	0.666641	0.666405	0.664062	0.641509	0.478873	0.135458	0.016577	0.001696	
86	0.666664	0.666641	0.666408	0.664093	0.641791	0.480447	0.136725	0.016767	0.001716	
87	0.666664	0.666641	0.666411	0.664122	0.642066	0.481994	0.137986	0.016957	0.001735	
88	0.666664	0.666641	0.666414	0.664151	0.642336	0.483516	0.139241	0.017147	0.001755	
89	0.666664	0.666642	0.666417	0.664179	0.642599	0.485014	0.140489	0.017337	0.001775	
90	0.666664	0.666642	0.666420	0.664207	0.642857	0.486486	0.141732	0.017527	0.001795	
91	0.666664	0.666642	0.666423	0.664234	0.643110	0.487936	0.142969	0.017716	0.001815	
92	0.666664	0.666643	0.666425	0.664260	0.643357	0.489362	0.144201	0.017906	0.001835	
93	0.666664	0.666643	0.666428	0.664286	0.643599	0.490765	0.145426	0.018095	0.001855	
94	0.666664	0.666643	0.666430	0.664311	0.643836	0.492147	0.146646	0.018284	0.001875	
95	0.666664	0.666643	0.666433	0.664336	0.644068	0.493506	0.147860	0.018474	0.001895	
96	0.666664	0.666644	0.666435	0.664360	0.644295	0.494845	0.149068	0.018663	0.001914	
97	0.666664	0.666644	0.666438	0.664384	0.644518	0.496164	0.150271	0.018851	0.001934	
98	0.666664	0.666644	0.666440	0.664407	0.644737	0.497462	0.151468	0.019040	0.001954	
99	0.666664	0.666644	0.666442	0.664430	0.644951	0.498741	0.152660	0.019229	0.001974	
100	0.666664	0.666644	0.666445	0.664452	0.645161	0.500000	0.153846	0.019417	0.001994	
101	0.666664	0.666645	0.666447	0.664474	0.645367	0.501241	0.155027	0.019606	0.002014	
102	0.666664	0.666645	0.666449	0.664495	0.645570	0.502463	0.156202	0.019794	0.002034	
103	0.666665	0.666645	0.666451	0.664516	0.645768	0.503667	0.157372	0.019983	0.002054	
104	0.666665	0.666645	0.666453	0.664537	0.645963	0.504854	0.158537	0.020171	0.002074	
105	0.666665	0.666646	0.666455	0.664557	0.646154	0.506024	0.159696	0.020359	0.002093	
106	0.666665	0.666646	0.666457	0.664577	0.646341	0.507177	0.160850	0.020547	0.002113	
107	0.666665	0.666646	0.666459	0.664596	0.646526	0.508314	0.161998	0.020734	0.002133	
108	0.666665	0.666646	0.666461	0.664615	0.646707	0.509434	0.163142	0.020922	0.002153	
109	0.666665	0.666646	0.666463	0.664634	0.646884	0.510539	0.164280	0.021110	0.002173	
110	0.666665	0.666646	0.666465	0.664653	0.647059	0.511628	0.165414	0.021297	0.002193	
111	0.666665	0.666647	0.666467	0.664671	0.647230	0.512702	0.166542	0.021485	0.002213	
112	0.666665	0.666647	0.666468	0.664688	0.647399	0.513761	0.167665	0.021672	0.002232	
113	0.666665	0.666647	0.666470	0.664706	0.647564	0.514806	0.168783	0.021859	0.002252	
114	0.666665	0.666647	0.666472	0.664723	0.647727	0.515837	0.169896	0.022046	0.002272	
115	0.666665	0.666647	0.666473	0.664740	0.647887	0.516854	0.171004	0.022233	0.002292	
116	0.666665	0.666648	0.666475	0.664756	0.648045	0.517857	0.172107	0.022420	0.002312	
117	0.666665	0.666648	0.666477	0.664773	0.648199	0.518847	0.173205	0.022607	0.002332	
118	0.666665	0.666648	0.666478	0.664789	0.648352	0.519824	0.174298	0.022793	0.002352	
119	0.666665	0.666648	0.666480	0.664804	0.648501	0.520788	0.175387	0.022980	0.002372	
120	0.666665	0.666648	0.666482	0.664820	0.648649	0.521739	0.176471	0.023166	0.002391	
121	0.666665	0.666648	0.666483	0.664835	0.648794	0.522678	0.177550	0.023352	0.002411	
122	0.666665	0.666648	0.666485	0.664850	0.648936	0.523605	0.178624	0.023538	0.002431	
123	0.666665	0.666649	0.666486	0.664865	0.649077	0.524520	0.179693	0.023725	0.002451	
124	0.666665	0.666649	0.666488	0.664879	0.649215	0.525424	0.180758	0.023911	0.002471	
125	0.666665	0.666649	0.666489	0.664894	0.649351	0.526316	0.181818	0.024096	0.002491	
126	0.666665	0.666649	0.666490	0.664908	0.649485	0.527197	0.182874	0.024282	0.002511	
127	0.666665	0.666649	0.666492	0.664921	0.649616	0.528067	0.183925	0.024468	0.002530	
128	0.666665	0.666649	0.666493	0.664935	0.649746	0.528926	0.184971	0.024653	0.002550	
129	0.666665	0.666649	0.666494	0.664948	0.649874	0.529774	0.186013	0.024839	0.002570	
130	0.666665	0.666650	0.666496	0.664962	0.650000	0.530612	0.187050	0.025024	0.002590	
131	0.666665	0.666650	0.666497	0.664975	0.650124	0.531440	0.188083	0.025209	0.002610	
132	0.666665	0.666650	0.666498	0.664987	0.650246	0.532258	0.189112	0.025394	0.002630	
133	0.666665	0.666650	0.666500	0.665000	0.650367	0.533066	0.190136	0.025579	0.002649	
134	0.666665	0.666650	0.666501	0.665012	0.650485	0.533865	0.191155	0.025764	0.002669	
135	0.666665	0.666650	0.666502	0.665025	0.650602	0.534653	0.192171	0.025949	0.002689	
136	0.666665	0.666650	0.666503	0.665037	0.650718	0.535433	0.193182	0.026134	0.002709	
137	0.666665	0.666650	0.666505	0.665049	0.650831	0.536204	0.194189	0.026318	0.002729	
138	0.666665	0.666651	0.666506	0.665060	0.650943	0.536965	0.195191	0.026503	0.002749	
139	0.666665	0.666651	0.666507	0.665072	0.651054	0.537718	0.196189	0.026687	0.002768	
140	0.666665	0.666651	0.666508	0.665083	0.651163	0.538462	0.197183	0.026871	0.002788	
141	0.666665	0.666651	0.666509	0.665094	0.651270	0.539197	0.198173	0.027056	0.002808	
142	0.666665	0.666651	0.666510	0.665105	0.651376	0.539924	0.199158	0.027240	0.002828	
143	0.666665	0.666651	0.666511	0.665116	0.651481	0.540643	0.200140	0.027424	0.002848	
144	0.666665	0.666651	0.666512	0.665127	0.651584	0.541353	0.201117	0.027607	0.002868	
145	0.666665	0.666651	0.666513	0.665138	0.651685	0.542056	0.202091	0.027791	0.002887	
146	0.666665	0.666651	0.666514	0.665148	0.651786	0.542751	0.203060	0.027975	0.002907	
147	0.666665	0.666652	0.666516	0.665158	0.651885	0.543438	0.204025	0.028158	0.002927	
148	0.666665	0.666652	0.666517	0.665169	0.651982	0.544118	0.204986	0.028342	0.002947	
149	0.666665	0.666652	0.666518	0.665179	0.652079	0.544790	0.205943	0.028525	0.002967	
