R0	1.0e-04	1.0e-03	1.0e-02	1.0e-01	1.0e+00	1.0e+01	1.0e+02	1.0e+03	1.0e+04
0.000000	0.000000	0.000000	0.000000	0.000000	0.000000	0.000000	0.000000	0.000000	0.000000	
0.010000	0.000000	0.000000	0.000000	0.000000	0.000000	0.000000	0.000000	0.000000	0.000000	
0.020000	0.000000	0.000000	0.000000	0.000000	0.000000	0.000000	0.000000	0.000000	0.000000	
0.030000	0.000000	0.000000	0.000000	0.000000	0.000000	0.000000	0.000000	0.000000	0.000000	
0.040000	0.000000	0.000000	0.000000	0.000000	0.000000	0.000000	0.000000	0.000000	0.000000	
0.050000	0.000000	0.000000	0.000000	0.000000	0.000000	0.000000	0.000000	0.000000	0.000000	
0.060000	0.000000	0.000000	0.000000	0.000000	0.000000	0.000000	0.000000	0.000000	0.000000	
0.070000	0.000000	0.000000	0.000000	0.000000	0.000000	0.000000	0.000000	0.000000	0.000000	
0.080000	0.000000	0.000000	0.000000	0.000000	0.000000	0.000000	0.000000	0.000000	0.000000	
0.090000	0.000000	0.000000	0.000000	0.000000	0.000000	0.000000	0.000000	0.000000	0.000000	
0.100000	0.000000	0.000000	0.000000	0.000000	0.000000	0.000000	0.000000	0.000000	0.000000	
0.110000	0.000000	0.000000	0.000000	0.000000	0.000000	0.000000	0.000000	0.000000	0.000000	
0.120000	0.000000	0.000000	0.000000	0.000000	0.000000	0.000000	0.000000	0.000000	0.000000	
0.130000	0.000000	0.000000	0.000000	0.000000	0.000000	0.000000	0.000000	0.000000	0.000000	
0.140000	0.000000	0.000000	0.000000	0.000000	0.000000	0.000000	0.000000	0.000000	0.000000	
0.150000	0.000000	0.000000	0.000000	0.000000	0.000000	0.000000	0.000000	0.000000	0.000000	
0.160000	0.000000	0.000000	0.000000	0.000000	0.000000	0.000000	0.000000	0.000000	0.000000	
0.170000	0.000000	0.000000	0.000000	0.000000	0.000000	0.000000	0.000000	0.000000	0.000000	
0.180000	0.000000	0.000000	0.000000	0.000000	0.000000	0.000000	0.000000	0.000000	0.000000	
0.190000	0.000000	0.000000	0.000000	0.000000	0.000000	0.000000	0.000000	0.000000	0.000000	
0.200000	0.000000	0.000000	0.000000	0.000000	0.000000	0.000000	0.000000	0.000000	0.000000	
0.210000	0.000000	0.000000	0.000000	0.000000	0.000000	0.000000	0.000000	0.000000	0.000000	
0.220000	0.000000	0.000000	0.000000	0.000000	0.000000	0.000000	0.000000	0.000000	0.000000	
0.230000	0.000000	0.000000	0.000000	0.000000	0.000000	0.000000	0.000000	0.000000	0.000000	
0.240000	0.000000	0.000000	0.000000	0.000000	0.000000	0.000000	0.000000	0.000000	0.000000	
0.250000	0.000000	0.000000	0.000000	0.000000	0.000000	0.000000	0.000000	0.000000	0.000000	
0.260000	0.000000	0.000000	0.000000	0.000000	0.000000	0.000000	0.000000	0.000000	0.000000	
0.270000	0.000000	0.000000	0.000000	0.000000	0.000000	0.000000	0.000000	0.000000	0.000000	
0.280000	0.000000	0.000000	0.000000	0.000000	0.000000	0.000000	0.000000	0.000000	0.000000	
0.290000	0.000000	0.000000	0.000000	0.000000	0.000000	0.000000	0.000000	0.000000	0.000000	
0.300000	0.000000	0.000000	0.000000	0.000000	0.000000	0.000000	0.000000	0.000000	0.000000	
0.310000	0.000000	0.000000	0.000000	0.000000	0.000000	0.000000	0.000000	0.000000	0.000000	
0.320000	0.000000	0.000000	0.000000	0.000000	0.000000	0.000000	0.000000	0.000000	0.000000	
0.330000	0.000000	0.000000	0.000000	0.000000	0.000000	0.000000	0.000000	0.000000	0.000000	
0.340000	0.000000	0.000000	0.000000	0.000000	0.000000	0.000000	0.000000	0.000000	0.000000	
0.350000	0.000000	0.000000	0.000000	0.000000	0.000000	0.000000	0.000000	0.000000	0.000000	
0.360000	0.000000	0.000000	0.000000	0.000000	0.000000	0.000000	0.000000	0.000000	0.000000	
0.370000	0.000000	0.000000	0.000000	0.000000	0.000000	0.000000	0.000000	0.000000	0.000000	
0.380000	0.000000	0.000000	0.000000	0.000000	0.000000	0.000000	0.000000	0.000000	0.000000	
0.390000	0.000000	0.000000	0.000000	0.000000	0.000000	0.000000	0.000000	0.000000	0.000000	
0.400000	0.000000	0.000000	0.000000	0.000000	0.000000	0.000000	0.000000	0.000000	0.000000	
0.410000	0.000000	0.000000	0.000000	0.000000	0.000000	0.000000	0.000000	0.000000	0.000000	
0.420000	0.000000	0.000000	0.000000	0.000000	0.000000	0.000000	0.000000	0.000000	0.000000	
0.430000	0.000000	0.000000	0.000000	0.000000	0.000000	0.000000	0.000000	0.000000	0.000000	
0.440000	0.000000	0.000000	0.000000	0.000000	0.000000	0.000000	0.000000	0.000000	0.000000	
0.450000	0.000000	0.000000	0.000000	0.000000	0.000000	0.000000	0.000000	0.000000	0.000000	
0.460000	0.000000	0.000000	0.000000	0.000000	0.000000	0.000000	0.000000	0.000000	0.000000	
0.470000	0.000000	0.000000	0.000000	0.000000	0.000000	0.000000	0.000000	0.000000	0.000000	
0.480000	0.000000	0.000000	0.000000	0.000000	0.000000	0.000000	0.000000	0.000000	0.000000	
0.490000	0.000000	0.000000	0.000000	0.000000	0.000000	0.000000	0.000000	0.000000	0.000000	
0.500000	0.000000	0.000000	0.000000	0.000000	0.000000	0.000000	0.000000	0.000000	0.000000	
0.510000	0.000000	0.000000	0.000000	0.000000	0.000000	0.000000	0.000000	0.000000	0.000000	
0.520000	0.000000	0.000000	0.000000	0.000000	0.000000	0.000000	0.000000	0.000000	0.000000	
0.530000	0.000000	0.000000	0.000000	0.000000	0.000000	0.000000	0.000000	0.000000	0.000000	
0.540000	0.000000	0.000000	0.000000	0.000000	0.000000	0.000000	0.000000	0.000000	0.000000	
0.550000	0.000000	0.000000	0.000000	0.000000	0.000000	0.000000	0.000000	0.000000	0.000000	
0.560000	0.000000	0.000000	0.000000	0.000000	0.000000	0.000000	0.000000	0.000000	0.000000	
0.570000	0.000000	0.000000	0.000000	0.000000	0.000000	0.000000	0.000000	0.000000	0.000000	
0.580000	0.000000	0.000000	0.000000	0.000000	0.000000	0.000000	0.000000	0.000000	0.000000	
0.590000	0.000000	0.000000	0.000000	0.000000	0.000000	0.000000	0.000000	0.000000	0.000000	
0.600000	0.000000	0.000000	0.000000	0.000000	0.000000	0.000000	0.000000	0.000000	0.000000	
0.610000	0.000000	0.000000	0.000000	0.000000	0.000000	0.000000	0.000000	0.000000	0.000000	
0.620000	0.000000	0.000000	0.000000	0.000000	0.000000	0.000000	0.000000	0.000000	0.000000	
0.630000	0.000000	0.000000	0.000000	0.000000	0.000000	0.000000	0.000000	0.000000	0.000000	
0.640000	0.000000	0.000000	0.000000	0.000000	0.000000	0.000000	0.000000	0.000000	0.000000	
0.650000	0.000000	0.000000	0.000000	0.000000	0.000000	0.000000	0.000000	0.000000	0.000000	
0.660000	0.000000	0.000000	0.000000	0.000000	0.000000	0.000000	0.000000	0.000000	0.000000	
0.670000	0.000000	0.000000	0.000000	0.000000	0.000000	0.000000	0.000000	0.000000	0.000000	
0.680000	0.000000	0.000000	0.000000	0.000000	0.000000	0.000000	0.000000	0.000000	0.000000	
0.690000	0.000000	0.000000	0.000000	0.000000	0.000000	0.000000	0.000000	0.000000	0.000000	
0.700000	0.000000	0.000000	0.000000	0.000000	0.000000	0.000000	0.000000	0.000000	0.000000	
0.710000	0.000000	0.000000	0.000000	0.000000	0.000000	0.000000	0.000000	0.000000	0.000000	
0.720000	0.000000	0.000000	0.000000	0.000000	0.000000	0.000000	0.000000	0.000000	0.000000	
0.730000	0.000000	0.000000	0.000000	0.000000	0.000000	0.000000	0.000000	0.000000	0.000000	
0.740000	0.000000	0.000000	0.000000	0.000000	0.000000	0.000000	0.000000	0.000000	0.000000	
0.750000	0.000000	0.000000	0.000000	0.000000	0.000000	0.000000	0.000000	0.000000	0.000000	
0.760000	0.000000	0.000000	0.000000	0.000000	0.000000	0.000000	0.000000	0.000000	0.000000	
0.770000	0.000000	0.000000	0.000000	0.000000	0.000000	0.000000	0.000000	0.000000	0.000000	
0.780000	0.000000	0.000000	0.000000	0.000000	0.000000	0.000000	0.000000	0.000000	0.000000	
0.790000	0.000000	0.000000	0.000000	0.000000	0.000000	0.000000	0.000000	0.000000	0.000000	
0.800000	0.000000	0.000000	0.000000	0.000000	0.000000	0.000000	0.000000	0.000000	0.000000	
0.810000	0.000000	0.000000	0.000000	0.000000	0.000000	0.000000	0.000000	0.000000	0.000000	
0.820000	0.000000	0.000000	0.000000	0.000000	0.000000	0.000000	0.000000	0.000000	0.000000	
0.830000	0.000000	0.000000	0.000000	0.000000	0.000000	0.000000	0.000000	0.000000	0.000000	
0.840000	0.000000	0.000000	0.000000	0.000000	0.000000	0.000000	0.000000	0.000000	0.000000	
0.850000	0.000000	0.000000	0.000000	0.000000	0.000000	0.000000	0.000000	0.000000	0.000000	
0.860000	0.000000	0.000000	0.000000	0.000000	0.000000	0.000000	0.000000	0.000000	0.000000	
0.870000	0.000000	0.000000	0.000000	0.000000	0.000000	0.000000	0.000000	0.000000	0.000000	
0.880000	0.000000	0.000000	0.000000	0.000000	0.000000	0.000000	0.000000	0.000000	0.000000	
0.890000	0.000000	0.000000	0.000000	0.000000	0.000000	0.000000	0.000000	0.000000	0.000000	
0.900000	0.000000	0.000000	0.000000	0.000000	0.000000	0.000000	0.000000	0.000000	0.000000	
0.910000	0.000000	0.000000	0.000000	0.000000	0.000000	0.000000	0.000000	0.000000	0.000000	
0.920000	0.000000	0.000000	0.000000	0.000000	0.000000	0.000000	0.000000	0.000000	0.000000	
0.930000	0.000000	0.000000	0.000000	0.000000	0.000000	0.000000	0.000000	0.000000	0.000000	
0.940000	0.000000	0.000000	0.000000	0.000000	0.000000	0.000000	0.000000	0.000000	0.000000	
0.950000	0.000000	0.000000	0.000000	0.000000	0.000000	0.000000	0.000000	0.000000	0.000000	
0.960000	0.000000	0.000000	0.000000	0.000000	0.000000	0.000000	0.000000	0.000000	0.000000	
0.970000	0.000000	0.000000	0.000000	0.000000	0.000000	0.000000	0.000000	0.000000	0.000000	
0.980000	0.000000	0.000000	0.000000	0.000000	0.000000	0.000000	0.000000	0.000000	0.000000	
0.990000	0.000000	0.000000	0.000000	0.000000	0.000000	0.000000	0.000000	0.000000	0.000000	
1.000000	0.000000	0.000000	0.000000	0.000000	0.000000	0.000000	0.000000	0.000000	0.000000	
1.010000	0.009900	0.009891	0.009804	0.009009	0.004975	0.000908	0.000099	0.000010	0.000001	
1.020000	0.019606	0.019589	0.019417	0.017857	0.009901	0.001815	0.000198	0.000020	0.000002	
1.030000	0.029123	0.029098	0.028846	0.026549	0.014778	0.002720	0.000297	0.000030	0.000003	
1.040000	0.038458	0.038425	0.038095	0.035088	0.019608	0.003623	0.000396	0.000040	0.000004	
1.050000	0.047615	0.047574	0.047170	0.043478	0.024390	0.004525	0.000495	0.000050	0.000005	
1.060000	0.056598	0.056550	0.056075	0.051724	0.029126	0.005425	0.000594	0.000060	0.000006	
1.070000	0.065414	0.065359	0.064815	0.059829	0.033816	0.006323	0.000693	0.000070	0.000007	
1.080000	0.074067	0.074006	0.073394	0.067797	0.038462	0.007220	0.000791	0.000080	0.000008	
1.090000	0.082561	0.082493	0.081818	0.075630	0.043062	0.008115	0.000890	0.000090	0.000009	
1.100000	0.090901	0.090827	0.090090	0.083333	0.047619	0.009009	0.000989	0.000100	0.000010	
1.110000	0.099090	0.099010	0.098214	0.090909	0.052133	0.009901	0.001088	0.000110	0.000011	
1.120000	0.107133	0.107047	0.106195	0.098361	0.056604	0.010791	0.001187	0.000120	0.000012	
1.130000	0.115034	0.114943	0.114035	0.105691	0.061033	0.011680	0.001285	0.000130	0.000013	
1.140000	0.122796	0.122699	0.121739	0.112903	0.065421	0.012567	0.001384	0.000140	0.000014	
1.150000	0.130423	0.130321	0.129310	0.120000	0.069767	0.013453	0.001483	0.000150	0.000015	
1.160000	0.137919	0.137812	0.136752	0.126984	0.074074	0.014337	0.001582	0.000160	0.000016	
1.170000	0.145287	0.145175	0.144068	0.133858	0.078341	0.015219	0.001680	0.000170	0.000017	
1.180000	0.152529	0.152413	0.151261	0.140625	0.082569	0.016100	0.001779	0.000180	0.000018	
1.190000	0.159650	0.159530	0.158333	0.147287	0.086758	0.016979	0.001878	0.000190	0.000019	
1.200000	0.166653	0.166528	0.165289	0.153846	0.090909	0.017857	0.001976	0.000200	0.000020	
1.210000	0.173539	0.173410	0.172131	0.160305	0.095023	0.018733	0.002075	0.000210	0.000021	
1.220000	0.180313	0.180180	0.178862	0.166667	0.099099	0.019608	0.002173	0.000220	0.000022	
1.230000	0.186977	0.186840	0.185484	0.172932	0.103139	0.020481	0.002272	0.000230	0.000023	
1.240000	0.193533	0.193392	0.192000	0.179104	0.107143	0.021352	0.002371	0.000240	0.000024	
1.250000	0.199984	0.199840	0.198413	0.185185	0.111111	0.022222	0.002469	0.000250	0.000025	
1.260000	0.206333	0.206186	0.204724	0.191176	0.115044	0.023091	0.002568	0.000260	0.000026	
1.270000	0.212582	0.212431	0.210938	0.197080	0.118943	0.023957	0.002666	0.000270	0.000027	
1.280000	0.218733	0.218579	0.217054	0.202899	0.122807	0.024823	0.002765	0.000280	0.000028	
1.290000	0.224789	0.224632	0.223077	0.208633	0.126638	0.025686	0.002863	0.000290	0.000029	
1.300000	0.230751	0.230592	0.229008	0.214286	0.130435	0.026549	0.002962	0.000300	0.000030	
1.310000	0.236623	0.236461	0.234848	0.219858	0.134199	0.027409	0.003060	0.000310	0.000031	
1.320000	0.242406	0.242241	0.240602	0.225352	0.137931	0.028269	0.003158	0.000320	0.000032	
1.330000	0.248102	0.247934	0.246269	0.230769	0.141631	0.029126	0.003257	0.000330	0.000033	
1.340000	0.253712	0.253542	0.251852	0.236111	0.145299	0.029982	0.003355	0.000340	0.000034	
1.350000	0.259240	0.259067	0.257353	0.241379	0.148936	0.030837	0.003453	0.000350	0.000035	
1.360000	0.264686	0.264511	0.262774	0.246575	0.152542	0.031690	0.003552	0.000360	0.000036	
1.370000	0.270053	0.269876	0.268116	0.251701	0.156118	0.032542	0.003650	0.000369	0.000037	
1.380000	0.275342	0.275163	0.273381	0.256757	0.159664	0.033392	0.003748	0.000379	0.000038	
1.390000	0.280555	0.280374	0.278571	0.261745	0.163180	0.034241	0.003847	0.000389	0.000039	
1.400000	0.285694	0.285510	0.283688	0.266667	0.166667	0.035088	0.003945	0.000399	0.000040	
1.410000	0.290760	0.290574	0.288732	0.271523	0.170124	0.035933	0.004043	0.000409	0.000041	
1.420000	0.295754	0.295567	0.293706	0.276316	0.173554	0.036778	0.004141	0.000419	0.000042	
1.430000	0.300678	0.300489	0.298611	0.281046	0.176955	0.037620	0.004239	0.000429	0.000043	
1.440000	0.305534	0.305344	0.303448	0.285714	0.180328	0.038462	0.004338	0.000439	0.000044	
1.450000	0.310323	0.310131	0.308219	0.290323	0.183673	0.039301	0.004436	0.000449	0.000045	
1.460000	0.315047	0.314853	0.312925	0.294872	0.186992	0.040140	0.004534	0.000459	0.000046	
1.470000	0.319706	0.319511	0.317568	0.299363	0.190283	0.040976	0.004632	0.000469	0.000047	
1.480000	0.324302	0.324105	0.322148	0.303797	0.193548	0.041812	0.004730	0.000479	0.000048	
1.490000	0.328837	0.328638	0.326667	0.308176	0.196787	0.042646	0.004828	0.000489	0.000049	
1.500000	0.333311	0.333111	0.331126	0.312500	0.200000	0.043478	0.004926	0.000499	0.000050	
1.510000	0.337726	0.337525	0.335526	0.316770	0.203187	0.044309	0.005024	0.000509	0.000051	
1.520000	0.342083	0.341880	0.339869	0.320988	0.206349	0.045139	0.005122	0.000519	0.000052	
1.530000	0.346383	0.346179	0.344156	0.325153	0.209486	0.045967	0.005220	0.000529	0.000053	
1.540000	0.350627	0.350422	0.348387	0.329268	0.212598	0.046794	0.005318	0.000539	0.000054	
1.550000	0.354816	0.354610	0.352564	0.333333	0.215686	0.047619	0.005416	0.000549	0.000055	
1.560000	0.358951	0.358744	0.356688	0.337349	0.218750	0.048443	0.005514	0.000559	0.000056	
1.570000	0.363034	0.362826	0.360759	0.341317	0.221790	0.049265	0.005612	0.000569	0.000057	
1.580000	0.367065	0.366856	0.364780	0.345238	0.224806	0.050086	0.005710	0.000579	0.000058	
1.590000	0.371046	0.370836	0.368750	0.349112	0.227799	0.050906	0.005808	0.000589	0.000059	
1.600000	0.374977	0.374766	0.372671	0.352941	0.230769	0.051724	0.005906	0.000599	0.000060	
1.610000	0.378858	0.378647	0.376543	0.356725	0.233716	0.052541	0.006003	0.000609	0.000061	
1.620000	0.382692	0.382480	0.380368	0.360465	0.236641	0.053356	0.006101	0.000619	0.000062	
1.630000	0.386479	0.386266	0.384146	0.364162	0.239544	0.054170	0.006199	0.000629	0.000063	
1.640000	0.390220	0.390006	0.387879	0.367816	0.242424	0.054983	0.006297	0.000639	0.000064	
1.650000	0.393916	0.393701	0.391566	0.371429	0.245283	0.055794	0.006394	0.000649	0.000065	
1.660000	0.397566	0.397351	0.395210	0.375000	0.248120	0.056604	0.006492	0.000659	0.000066	
1.670000	0.401174	0.400958	0.398810	0.378531	0.250936	0.057412	0.006590	0.000669	0.000067	
1.680000	0.404738	0.404521	0.402367	0.382022	0.253731	0.058219	0.006688	0.000679	0.000068	
1.690000	0.408260	0.408043	0.405882	0.385475	0.256506	0.059025	0.006785	0.000689	0.000069	
1.700000	0.411740	0.411523	0.409357	0.388889	0.259259	0.059829	0.006883	0.000699	0.000070	
1.710000	0.415180	0.414962	0.412791	0.392265	0.261993	0.060632	0.006981	0.000709	0.000071	
1.720000	0.418580	0.418361	0.416185	0.395604	0.264706	0.061433	0.007078	0.000719	0.000072	
1.730000	0.421941	0.421722	0.419540	0.398907	0.267399	0.062234	0.007176	0.000729	0.000073	
1.740000	0.425263	0.425043	0.422857	0.402174	0.270073	0.063032	0.007273	0.000739	0.000074	
1.750000	0.428547	0.428327	0.426136	0.405405	0.272727	0.063830	0.007371	0.000749	0.000075	
1.760000	0.431794	0.431573	0.429379	0.408602	0.275362	0.064626	0.007469	0.000759	0.000076	
1.770000	0.435004	0.434783	0.432584	0.411765	0.277978	0.065421	0.007566	0.000769	0.000077	
1.780000	0.438178	0.437956	0.435754	0.414894	0.280576	0.066214	0.007664	0.000779	0.000078	
1.790000	0.441316	0.441094	0.438889	0.417989	0.283154	0.067006	0.007761	0.000789	0.000079	
1.800000	0.444420	0.444198	0.441989	0.421053	0.285714	0.067797	0.007859	0.000799	0.000080	
1.810000	0.447489	0.447267	0.445055	0.424084	0.288256	0.068586	0.007956	0.000809	0.000081	
1.820000	0.450525	0.450302	0.448087	0.427083	0.290780	0.069374	0.008053	0.000819	0.000082	
1.830000	0.453527	0.453304	0.451087	0.430052	0.293286	0.070161	0.008151	0.000828	0.000083	
1.840000	0.456497	0.456274	0.454054	0.432990	0.295775	0.070946	0.008248	0.000838	0.000084	
1.850000	0.459435	0.459211	0.456989	0.435897	0.298246	0.071730	0.008346	0.000848	0.000085	
1.860000	0.462341	0.462117	0.459893	0.438776	0.300699	0.072513	0.008443	0.000858	0.000086	
1.870000	0.465216	0.464992	0.462766	0.441624	0.303136	0.073294	0.008540	0.000868	0.000087	
1.880000	0.468060	0.467836	0.465608	0.444444	0.305556	0.074074	0.008638	0.000878	0.000088	
1.890000	0.470875	0.470650	0.468421	0.447236	0.307958	0.074853	0.008735	0.000888	0.000089	
1.900000	0.473659	0.473435	0.471204	0.450000	0.310345	0.075630	0.008832	0.000898	0.000090	
1.910000	0.476415	0.476190	0.473958	0.452736	0.312715	0.076406	0.008929	0.000908	0.000091	
1.920000	0.479142	0.478917	0.476684	0.455446	0.315068	0.077181	0.009027	0.000918	0.000092	
1.930000	0.481840	0.481616	0.479381	0.458128	0.317406	0.077955	0.009124	0.000928	0.000093	
1.940000	0.484511	0.484286	0.482051	0.460784	0.319728	0.078727	0.009221	0.000938	0.000094	
1.950000	0.487155	0.486930	0.484694	0.463415	0.322034	0.079498	0.009318	0.000948	0.000095	
1.960000	0.489771	0.489546	0.487310	0.466019	0.324324	0.080268	0.009415	0.000958	0.000096	
1.970000	0.492361	0.492136	0.489899	0.468599	0.326599	0.081036	0.009513	0.000968	0.000097	
1.980000	0.494924	0.494700	0.492462	0.471154	0.328859	0.081803	0.009610	0.000978	0.000098	
1.990000	0.497462	0.497238	0.495000	0.473684	0.331104	0.082569	0.009707	0.000988	0.000099	
2.000000	0.499975	0.499750	0.497512	0.476190	0.333333	0.083333	0.009804	0.000998	0.000100	
2.010000	0.502463	0.502238	0.500000	0.478673	0.335548	0.084097	0.009901	0.001008	0.000101	
2.020000	0.504925	0.504701	0.502463	0.481132	0.337748	0.084859	0.009998	0.001018	0.000102	
2.030000	0.507364	0.507139	0.504902	0.483568	0.339934	0.085619	0.010095	0.001028	0.000103	
2.040000	0.509779	0.509554	0.507317	0.485981	0.342105	0.086379	0.010192	0.001038	0.000104	
2.050000	0.512170	0.511945	0.509709	0.488372	0.344262	0.087137	0.010289	0.001048	0.000105	
2.060000	0.514538	0.514313	0.512077	0.490741	0.346405	0.087894	0.010386	0.001058	0.000106	
2.070000	0.516883	0.516659	0.514423	0.493088	0.348534	0.088650	0.010483	0.001068	0.000107	
2.080000	0.519206	0.518981	0.516746	0.495413	0.350649	0.089404	0.010580	0.001078	0.000108	
2.090000	0.521506	0.521282	0.519048	0.497717	0.352751	0.090157	0.010677	0.001088	0.000109	
2.100000	0.523785	0.523560	0.521327	0.500000	0.354839	0.090909	0.010774	0.001098	0.000110	
2.110000	0.526041	0.525817	0.523585	0.502262	0.356913	0.091660	0.010871	0.001108	0.000111	
2.120000	0.528277	0.528053	0.525822	0.504505	0.358974	0.092409	0.010967	0.001118	0.000112	
2.130000	0.530492	0.530267	0.528037	0.506726	0.361022	0.093157	0.011064	0.001128	0.000113	
2.140000	0.532685	0.532461	0.530233	0.508929	0.363057	0.093904	0.011161	0.001138	0.000114	
2.150000	0.534859	0.534635	0.532407	0.511111	0.365079	0.094650	0.011258	0.001148	0.000115	
2.160000	0.537012	0.536789	0.534562	0.513274	0.367089	0.095395	0.011355	0.001157	0.000116	
2.170000	0.539146	0.538922	0.536697	0.515419	0.369085	0.096138	0.011452	0.001167	0.000117	
2.180000	0.541260	0.541036	0.538813	0.517544	0.371069	0.096880	0.011548	0.001177	0.000118	
2.190000	0.543354	0.543131	0.540909	0.519651	0.373041	0.097621	0.011645	0.001187	0.000119	
2.200000	0.545430	0.545207	0.542986	0.521739	0.375000	0.098361	0.011742	0.001197	0.000120	
2.210000	0.547487	0.547264	0.545045	0.523810	0.376947	0.099099	0.011838	0.001207	0.000121	
2.220000	0.549525	0.549302	0.547085	0.525862	0.378882	0.099836	0.011935	0.001217	0.000122	
2.230000	0.551545	0.551322	0.549107	0.527897	0.380805	0.100572	0.012032	0.001227	0.000123	
2.240000	0.553547	0.553324	0.551111	0.529915	0.382716	0.101307	0.012128	0.001237	0.000124	
2.250000	0.555531	0.555309	0.553097	0.531915	0.384615	0.102041	0.012225	0.001247	0.000125	
2.260000	0.557497	0.557276	0.555066	0.533898	0.386503	0.102773	0.012322	0.001257	0.000126	
2.270000	0.559447	0.559225	0.557018	0.535865	0.388379	0.103504	0.012418	0.001267	0.000127	
2.280000	0.561379	0.561157	0.558952	0.537815	0.390244	0.104235	0.012515	0.001277	0.000128	
2.290000	0.563294	0.563073	0.560870	0.539749	0.392097	0.104963	0.012611	0.001287	0.000129	
2.300000	0.565193	0.564972	0.562771	0.541667	0.393939	0.105691	0.012708	0.001297	0.000130	
2.310000	0.567075	0.566854	0.564655	0.543568	0.395770	0.106418	0.012804	0.001307	0.000131	
2.320000	0.568941	0.568720	0.566524	0.545455	0.397590	0.107143	0.012901	0.001317	0.000132	
2.330000	0.570791	0.570571	0.568376	0.547325	0.399399	0.107867	0.012997	0.001327	0.000133	
2.340000	0.572625	0.572405	0.570213	0.549180	0.401198	0.108590	0.013094	0.001337	0.000134	
2.350000	0.574444	0.574224	0.572034	0.551020	0.402985	0.109312	0.013190	0.001347	0.000135	
2.360000	0.576247	0.576027	0.573840	0.552846	0.404762	0.110032	0.013286	0.001357	0.000136	
2.370000	0.578035	0.577815	0.575630	0.554656	0.406528	0.110752	0.013383	0.001367	0.000137	
2.380000	0.579808	0.579588	0.577406	0.556452	0.408284	0.111470	0.013479	0.001377	0.000138	
2.390000	0.581566	0.581347	0.579167	0.558233	0.410029	0.112187	0.013576	0.001387	0.000139	
2.400000	0.583309	0.583090	0.580913	0.560000	0.411765	0.112903	0.013672	0.001397	0.000140	
2.410000	0.585038	0.584820	0.582645	0.561753	0.413490	0.113618	0.013768	0.001407	0.000141	
2.420000	0.586753	0.586534	0.584362	0.563492	0.415205	0.114332	0.013864	0.001417	0.000142	
2.430000	0.588453	0.588235	0.586066	0.565217	0.416910	0.115044	0.013961	0.001427	0.000143	
2.440000	0.590140	0.589922	0.587755	0.566929	0.418605	0.115756	0.014057	0.001436	0.000144	
2.450000	0.591813	0.591595	0.589431	0.568627	0.420290	0.116466	0.014153	0.001446	0.000145	
2.460000	0.593472	0.593255	0.591093	0.570312	0.421965	0.117175	0.014249	0.001456	0.000146	
2.470000	0.595118	0.594901	0.592742	0.571984	0.423631	0.117883	0.014346	0.001466	0.000147	
2.480000	0.596750	0.596534	0.594378	0.573643	0.425287	0.118590	0.014442	0.001476	0.000148	
2.490000	0.598370	0.598153	0.596000	0.575290	0.426934	0.119295	0.014538	0.001486	0.000149	
2.500000	0.599976	0.599760	0.597610	0.576923	0.428571	0.120000	0.014634	0.001496	0.000150	
2.510000	0.601570	0.601354	0.599206	0.578544	0.430199	0.120703	0.014730	0.001506	0.000151	
2.520000	0.603151	0.602935	0.600791	0.580153	0.431818	0.121406	0.014826	0.001516	0.000152	
2.530000	0.604719	0.604504	0.602362	0.581749	0.433428	0.122107	0.014922	0.001526	0.000153	
2.540000	0.606275	0.606061	0.603922	0.583333	0.435028	0.122807	0.015019	0.001536	0.000154	
2.550000	0.607819	0.607605	0.605469	0.584906	0.436620	0.123506	0.015115	0.001546	0.000155	
2.560000	0.609351	0.609137	0.607004	0.586466	0.438202	0.124204	0.015211	0.001556	0.000156	
2.570000	0.610871	0.610657	0.608527	0.588015	0.439776	0.124901	0.015307	0.001566	0.000157	
2.580000	0.612379	0.612166	0.610039	0.589552	0.441341	0.125596	0.015403	0.001576	0.000158	
2.590000	0.613876	0.613663	0.611538	0.591078	0.442897	0.126291	0.015499	0.001586	0.000159	
2.600000	0.615361	0.615148	0.613027	0.592593	0.444444	0.126984	0.015595	0.001596	0.000160	
2.610000	0.616835	0.616622	0.614504	0.594096	0.445983	0.127676	0.015690	0.001606	0.000161	
2.620000	0.618297	0.618085	0.615970	0.595588	0.447514	0.128368	0.015786	0.001616	0.000162	
2.630000	0.619748	0.619536	0.617424	0.597070	0.449036	0.129058	0.015882	0.001626	0.000163	
2.640000	0.621189	0.620977	0.618868	0.598540	0.450549	0.129747	0.015978	0.001636	0.000164	
2.650000	0.622618	0.622407	0.620301	0.600000	0.452055	0.130435	0.016074	0.001646	0.000165	
2.660000	0.624037	0.623826	0.621723	0.601449	0.453552	0.131122	0.016170	0.001656	0.000166	
2.670000	0.625445	0.625234	0.623134	0.602888	0.455041	0.131807	0.016266	0.001666	0.000167	
2.680000	0.626842	0.626632	0.624535	0.604317	0.456522	0.132492	0.016362	0.001676	0.000168	
2.690000	0.628229	0.628019	0.625926	0.605735	0.457995	0.133176	0.016457	0.001685	0.000169	
2.700000	0.629606	0.629397	0.627306	0.607143	0.459459	0.133858	0.016553	0.001695	0.000170	
2.710000	0.630973	0.630764	0.628676	0.608541	0.460916	0.134540	0.016649	0.001705	0.000171	
2.720000	0.632330	0.632121	0.630037	0.609929	0.462366	0.135220	0.016745	0.001715	0.000172	
2.730000	0.633676	0.633468	0.631387	0.611307	0.463807	0.135899	0.016840	0.001725	0.000173	
2.740000	0.635013	0.634805	0.632727	0.612676	0.465241	0.136578	0.016936	0.001735	0.000174	
2.750000	0.636340	0.636132	0.634058	0.614035	0.466667	0.137255	0.017032	0.001745	0.000175	
2.760000	0.637658	0.637450	0.635379	0.615385	0.468085	0.137931	0.017127	0.001755	0.000176	
2.770000	0.638966	0.638759	0.636691	0.616725	0.469496	0.138606	0.017223	0.001765	0.000177	
2.780000	0.640265	0.640058	0.637993	0.618056	0.470899	0.139280	0.017319	0.001775	0.000178	
2.790000	0.641554	0.641347	0.639286	0.619377	0.472296	0.139953	0.017414	0.001785	0.000179	
2.800000	0.642834	0.642628	0.640569	0.620690	0.473684	0.140625	0.017510	0.001795	0.000180	
2.810000	0.644105	0.643899	0.641844	0.621993	0.475066	0.141296	0.017605	0.001805	0.000181	
2.820000	0.645367	0.645161	0.643110	0.623288	0.476440	0.141966	0.017701	0.001815	0.000182	
2.830000	0.646620	0.646415	0.644366	0.624573	0.477807	0.142634	0.017796	0.001825	0.000183	
2.840000	0.647865	0.647659	0.645614	0.625850	0.479167	0.143302	0.017892	0.001835	0.000184	
2.850000	0.649100	0.648895	0.646853	0.627119	0.480519	0.143969	0.017987	0.001845	0.000185	
2.860000	0.650327	0.650122	0.648084	0.628378	0.481865	0.144635	0.018083	0.001855	0.000186	
2.870000	0.651545	0.651341	0.649306	0.629630	0.483204	0.145299	0.018178	0.001865	0.000187	
2.880000	0.652755	0.652551	0.650519	0.630872	0.484536	0.145963	0.018274	0.001875	0.000188	
2.890000	0.653957	0.653753	0.651724	0.632107	0.485861	0.146625	0.018369	0.001885	0.000189	
2.900000	0.655150	0.654947	0.652921	0.633333	0.487179	0.147287	0.018465	0.001895	0.000190	
2.910000	0.656335	0.656132	0.654110	0.634551	0.488491	0.147947	0.018560	0.001904	0.000191	
2.920000	0.657512	0.657309	0.655290	0.635762	0.489796	0.148607	0.018655	0.001914	0.000192	
2.930000	0.658681	0.658478	0.656463	0.636964	0.491094	0.149265	0.018751	0.001924	0.000193	
2.940000	0.659842	0.659640	0.657627	0.638158	0.492386	0.149923	0.018846	0.001934	0.000194	
2.950000	0.660995	0.660793	0.658784	0.639344	0.493671	0.150579	0.018941	0.001944	0.000195	
2.960000	0.662140	0.661939	0.659933	0.640523	0.494949	0.151235	0.019037	0.001954	0.000196	
2.970000	0.663277	0.663076	0.661074	0.641694	0.496222	0.151889	0.019132	0.001964	0.000197	
2.980000	0.664407	0.664207	0.662207	0.642857	0.497487	0.152542	0.019227	0.001974	0.000198	
2.990000	0.665530	0.665329	0.663333	0.644013	0.498747	0.153195	0.019322	0.001984	0.000199	
3.000000	0.666644	0.666445	0.664452	0.645161	0.500000	0.153846	0.019417	0.001994	0.000200	
3.010000	0.667752	0.667552	0.665563	0.646302	0.501247	0.154497	0.019513	0.002004	0.000201	
3.020000	0.668852	0.668653	0.666667	0.647436	0.502488	0.155146	0.019608	0.002014	0.000202	
3.030000	0.669945	0.669746	0.667763	0.648562	0.503722	0.155794	0.019703	0.002024	0.000203	
3.040000	0.671031	0.670832	0.668852	0.649682	0.504950	0.156442	0.019798	0.002034	0.000204	
3.050000	0.672109	0.671911	0.669935	0.650794	0.506173	0.157088	0.019893	0.002044	0.000205	
3.060000	0.673181	0.672983	0.671010	0.651899	0.507389	0.157734	0.019988	0.002054	0.000206	
3.070000	0.674245	0.674048	0.672078	0.652997	0.508600	0.158378	0.020083	0.002064	0.000207	
3.080000	0.675303	0.675105	0.673139	0.654088	0.509804	0.159021	0.020179	0.002074	0.000208	
3.090000	0.676354	0.676157	0.674194	0.655172	0.511002	0.159664	0.020274	0.002084	0.000209	
3.100000	0.677398	0.677201	0.675241	0.656250	0.512195	0.160305	0.020369	0.002094	0.000210	
3.110000	0.678435	0.678239	0.676282	0.657321	0.513382	0.160946	0.020464	0.002103	0.000211	
3.120000	0.679465	0.679269	0.677316	0.658385	0.514563	0.161585	0.020559	0.002113	0.000212	
3.130000	0.680489	0.680294	0.678344	0.659443	0.515738	0.162224	0.020654	0.002123	0.000213	
3.140000	0.681507	0.681312	0.679365	0.660494	0.516908	0.162861	0.020748	0.002133	0.000214	
3.150000	0.682518	0.682323	0.680380	0.661538	0.518072	0.163498	0.020843	0.002143	0.000215	
3.160000	0.683523	0.683328	0.681388	0.662577	0.519231	0.164134	0.020938	0.002153	0.000216	
3.170000	0.684521	0.684327	0.682390	0.663609	0.520384	0.164768	0.021033	0.002163	0.000217	
3.180000	0.685513	0.685319	0.683386	0.664634	0.521531	0.165402	0.021128	0.002173	0.000218	
3.190000	0.686499	0.686305	0.684375	0.665653	0.522673	0.166035	0.021223	0.002183	0.000219	
3.200000	0.687479	0.687285	0.685358	0.666667	0.523810	0.166667	0.021318	0.002193	0.000220	
3.210000	0.688452	0.688259	0.686335	0.667674	0.524941	0.167298	0.021413	0.002203	0.000221	
3.220000	0.689420	0.689227	0.687307	0.668675	0.526066	0.167927	0.021507	0.002213	0.000222	
3.230000	0.690381	0.690189	0.688272	0.669670	0.527187	0.168556	0.021602	0.002223	0.000223	
3.240000	0.691337	0.691145	0.689231	0.670659	0.528302	0.169184	0.021697	0.002233	0.000224	
3.250000	0.692286	0.692095	0.690184	0.671642	0.529412	0.169811	0.021792	0.002243	0.000225	
3.260000	0.693230	0.693039	0.691131	0.672619	0.530516	0.170437	0.021887	0.002253	0.000226	
3.270000	0.694168	0.693977	0.692073	0.673591	0.531616	0.171063	0.021981	0.002263	0.000227	
3.280000	0.695101	0.694910	0.693009	0.674556	0.532710	0.171687	0.022076	0.002273	0.000228	
3.290000	0.696027	0.695837	0.693939	0.675516	0.533800	0.172310	0.022171	0.002282	0.000229	
3.300000	0.696949	0.696759	0.694864	0.676471	0.534884	0.172932	0.022265	0.002292	0.000230	
3.310000	0.697864	0.697674	0.695783	0.677419	0.535963	0.173554	0.022360	0.002302	0.000231	
3.320000	0.698774	0.698585	0.696697	0.678363	0.537037	0.174174	0.022455	0.002312	0.000232	
3.330000	0.699679	0.699490	0.697605	0.679300	0.538106	0.174794	0.022549	0.002322	0.000233	
3.340000	0.700578	0.700389	0.698507	0.680233	0.539171	0.175412	0.022644	0.002332	0.000234	
3.350000	0.701472	0.701283	0.699405	0.681159	0.540230	0.176030	0.022738	0.002342	0.000235	
3.360000	0.702360	0.702172	0.700297	0.682081	0.541284	0.176647	0.022833	0.002352	0.000236	
3.370000	0.703243	0.703055	0.701183	0.682997	0.542334	0.177263	0.022927	0.002362	0.000237	
3.380000	0.704121	0.703934	0.702065	0.683908	0.543379	0.177877	0.023022	0.002372	0.000238	
3.390000	0.704994	0.704807	0.702941	0.684814	0.544419	0.178491	0.023116	0.002382	0.000239	
3.400000	0.705862	0.705675	0.703812	0.685714	0.545455	0.179104	0.023211	0.002392	0.000240	
3.410000	0.706724	0.706538	0.704678	0.686610	0.546485	0.179717	0.023305	0.002402	0.000241	
3.420000	0.707582	0.707395	0.705539	0.687500	0.547511	0.180328	0.023400	0.002412	0.000242	
3.430000	0.708434	0.708248	0.706395	0.688385	0.548533	0.180938	0.023494	0.002422	0.000243	
3.440000	0.709282	0.709096	0.707246	0.689266	0.549550	0.181548	0.023589	0.002432	0.000244	
3.450000	0.710124	0.709939	0.708092	0.690141	0.550562	0.182156	0.023683	0.002442	0.000245	
3.460000	0.710962	0.710777	0.708934	0.691011	0.551570	0.182764	0.023777	0.002452	0.000246	
3.470000	0.711795	0.711610	0.709770	0.691877	0.552573	0.183370	0.023872	0.002461	0.000247	
3.480000	0.712623	0.712439	0.710602	0.692737	0.553571	0.183976	0.023966	0.002471	0.000248	
3.490000	0.713447	0.713263	0.711429	0.693593	0.554566	0.184581	0.024060	0.002481	0.000249	
3.500000	0.714265	0.714082	0.712251	0.694444	0.555556	0.185185	0.024155	0.002491	0.000250	
3.510000	0.715079	0.714896	0.713068	0.695291	0.556541	0.185788	0.024249	0.002501	0.000251	
3.520000	0.715889	0.715706	0.713881	0.696133	0.557522	0.186391	0.024343	0.002511	0.000252	
3.530000	0.716694	0.716511	0.714689	0.696970	0.558499	0.186992	0.024437	0.002521	0.000253	
3.540000	0.717494	0.717311	0.715493	0.697802	0.559471	0.187592	0.024532	0.002531	0.000254	
3.550000	0.718290	0.718108	0.716292	0.698630	0.560440	0.188192	0.024626	0.002541	0.000255	
3.560000	0.719081	0.718899	0.717087	0.699454	0.561404	0.188791	0.024720	0.002551	0.000256	
3.570000	0.719868	0.719686	0.717877	0.700272	0.562363	0.189388	0.024814	0.002561	0.000257	
3.580000	0.720650	0.720469	0.718663	0.701087	0.563319	0.189985	0.024908	0.002571	0.000258	
3.590000	0.721428	0.721248	0.719444	0.701897	0.564270	0.190581	0.025002	0.002581	0.000259	
3.600000	0.722202	0.722022	0.720222	0.702703	0.565217	0.191176	0.025097	0.002591	0.000260	
3.610000	0.722972	0.722791	0.720994	0.703504	0.566161	0.191771	0.025191	0.002601	0.000261	
3.620000	0.723737	0.723557	0.721763	0.704301	0.567100	0.192364	0.025285	0.002611	0.000262	
3.630000	0.724498	0.724318	0.722527	0.705094	0.568035	0.192957	0.025379	0.002620	0.000263	
3.640000	0.725255	0.725076	0.723288	0.705882	0.568966	0.193548	0.025473	0.002630	0.000264	
3.650000	0.726008	0.725829	0.724044	0.706667	0.569892	0.194139	0.025567	0.002640	0.000265	
3.660000	0.726756	0.726577	0.724796	0.707447	0.570815	0.194729	0.025661	0.002650	0.000266	
3.670000	0.727501	0.727322	0.725543	0.708223	0.571734	0.195318	0.025755	0.002660	0.000267	
3.680000	0.728241	0.728063	0.726287	0.708995	0.572650	0.195906	0.025849	0.002670	0.000268	
3.690000	0.728978	0.728800	0.727027	0.709763	0.573561	0.196494	0.025943	0.002680	0.000269	
3.700000	0.729710	0.729533	0.727763	0.710526	0.574468	0.197080	0.026037	0.002690	0.000270	
3.710000	0.730439	0.730261	0.728495	0.711286	0.575372	0.197666	0.026131	0.002700	0.000271	
3.720000	0.731163	0.730986	0.729223	0.712042	0.576271	0.198251	0.026224	0.002710	0.000272	
3.730000	0.731884	0.731707	0.729947	0.712794	0.577167	0.198835	0.026318	0.002720	0.000273	
3.740000	0.732601	0.732424	0.730667	0.713542	0.578059	0.199418	0.026412	0.002730	0.000274	
3.750000	0.733314	0.733138	0.731383	0.714286	0.578947	0.200000	0.026506	0.002740	0.000275	
3.760000	0.734023	0.733847	0.732095	0.715026	0.579832	0.200581	0.026600	0.002750	0.000276	
3.770000	0.734729	0.734553	0.732804	0.715762	0.580713	0.201162	0.026694	0.002760	0.000277	
3.780000	0.735430	0.735255	0.733509	0.716495	0.581590	0.201742	0.026787	0.002770	0.000278	
3.790000	0.736128	0.735954	0.734211	0.717224	0.582463	0.202321	0.026881	0.002779	0.000279	
3.800000	0.736823	0.736648	0.734908	0.717949	0.583333	0.202899	0.026975	0.002789	0.000280	
3.810000	0.737513	0.737339	0.735602	0.718670	0.584200	0.203476	0.027069	0.002799	0.000281	
3.820000	0.738201	0.738027	0.736292	0.719388	0.585062	0.204052	0.027162	0.002809	0.000282	
3.830000	0.738884	0.738711	0.736979	0.720102	0.585921	0.204628	0.027256	0.002819	0.000283	
3.840000	0.739564	0.739391	0.737662	0.720812	0.586777	0.205202	0.027350	0.002829	0.000284	
3.850000	0.740241	0.740068	0.738342	0.721519	0.587629	0.205776	0.027443	0.002839	0.000285	
3.860000	0.740913	0.740741	0.739018	0.722222	0.588477	0.206349	0.027537	0.002849	0.000286	
3.870000	0.741583	0.741410	0.739691	0.722922	0.589322	0.206921	0.027631	0.002859	0.000287	
3.880000	0.742249	0.742077	0.740360	0.723618	0.590164	0.207493	0.027724	0.002869	0.000288	
3.890000	0.742911	0.742740	0.741026	0.724311	0.591002	0.208063	0.027818	0.002879	0.000289	
3.900000	0.743571	0.743399	0.741688	0.725000	0.591837	0.208633	0.027911	0.002889	0.000290	
3.910000	0.744226	0.744055	0.742347	0.725686	0.592668	0.209202	0.028005	0.002899	0.000291	
3.920000	0.744879	0.744708	0.743003	0.726368	0.593496	0.209770	0.028099	0.002909	0.000292	
3.930000	0.745528	0.745357	0.743655	0.727047	0.594320	0.210337	0.028192	0.002919	0.000293	
3.940000	0.746174	0.746004	0.744304	0.727723	0.595142	0.210904	0.028286	0.002928	0.000294	
3.950000	0.746817	0.746646	0.744949	0.728395	0.595960	0.211470	0.028379	0.002938	0.000295	
3.960000	0.747456	0.747286	0.745592	0.729064	0.596774	0.212034	0.028472	0.002948	0.000296	
3.970000	0.748092	0.747922	0.746231	0.729730	0.597586	0.212598	0.028566	0.002958	0.000297	
3.980000	0.748725	0.748556	0.746867	0.730392	0.598394	0.213162	0.028659	0.002968	0.000298	
3.990000	0.749355	0.749186	0.747500	0.731051	0.599198	0.213724	0.028753	0.002978	0.000299	
4.000000	0.749981	0.749813	0.748130	0.731707	0.600000	0.214286	0.028846	0.002988	0.000300	
4.010000	0.750605	0.750436	0.748756	0.732360	0.600798	0.214847	0.028940	0.002998	0.000301	
4.020000	0.751225	0.751057	0.749380	0.733010	0.601594	0.215407	0.029033	0.003008	0.000302	
4.030000	0.751842	0.751675	0.750000	0.733656	0.602386	0.215966	0.029126	0.003018	0.000303	
4.040000	0.752457	0.752289	0.750617	0.734300	0.603175	0.216524	0.029220	0.003028	0.000304	
4.050000	0.753068	0.752901	0.751232	0.734940	0.603960	0.217082	0.029313	0.003038	0.000305	
4.060000	0.753676	0.753509	0.751843	0.735577	0.604743	0.217639	0.029406	0.003048	0.000306	
4.070000	0.754281	0.754114	0.752451	0.736211	0.605523	0.218195	0.029499	0.003058	0.000307	
4.080000	0.754883	0.754717	0.753056	0.736842	0.606299	0.218750	0.029593	0.003067	0.000308	
4.090000	0.755483	0.755317	0.753659	0.737470	0.607073	0.219304	0.029686	0.003077	0.000309	
4.100000	0.756079	0.755913	0.754258	0.738095	0.607843	0.219858	0.029779	0.003087	0.000310	
4.110000	0.756673	0.756507	0.754854	0.738717	0.608611	0.220411	0.029872	0.003097	0.000311	
4.120000	0.757263	0.757098	0.755448	0.739336	0.609375	0.220963	0.029965	0.003107	0.000312	
4.130000	0.757851	0.757686	0.756039	0.739953	0.610136	0.221515	0.030059	0.003117	0.000313	
4.140000	0.758436	0.758271	0.756627	0.740566	0.610895	0.222065	0.030152	0.003127	0.000314	
4.150000	0.759018	0.758853	0.757212	0.741176	0.611650	0.222615	0.030245	0.003137	0.000315	
4.160000	0.759597	0.759433	0.757794	0.741784	0.612403	0.223164	0.030338	0.003147	0.000316	
4.170000	0.760174	0.760010	0.758373	0.742389	0.613153	0.223712	0.030431	0.003157	0.000317	
4.180000	0.760747	0.760584	0.758950	0.742991	0.613900	0.224260	0.030524	0.003167	0.000318	
4.190000	0.761318	0.761155	0.759524	0.743590	0.614644	0.224806	0.030617	0.003177	0.000319	
4.200000	0.761887	0.761723	0.760095	0.744186	0.615385	0.225352	0.030710	0.003187	0.000320	
4.210000	0.762452	0.762289	0.760664	0.744780	0.616123	0.225897	0.030803	0.003197	0.000321	
4.220000	0.763015	0.762852	0.761229	0.745370	0.616858	0.226442	0.030896	0.003206	0.000322	
4.230000	0.763575	0.763413	0.761792	0.745958	0.617591	0.226985	0.030989	0.003216	0.000323	
4.240000	0.764133	0.763971	0.762353	0.746544	0.618321	0.227528	0.031082	0.003226	0.000324	
4.250000	0.764688	0.764526	0.762911	0.747126	0.619048	0.228070	0.031175	0.003236	0.000325	
4.260000	0.765240	0.765079	0.763466	0.747706	0.619772	0.228612	0.031268	0.003246	0.000326	
4.270000	0.765790	0.765629	0.764019	0.748284	0.620493	0.229152	0.031361	0.003256	0.000327	
4.280000	0.766337	0.766176	0.764569	0.748858	0.621212	0.229692	0.031454	0.003266	0.000328	
4.290000	0.766882	0.766721	0.765116	0.749431	0.621928	0.230231	0.031547	0.003276	0.000329	
4.300000	0.767424	0.767263	0.765661	0.750000	0.622642	0.230769	0.031640	0.003286	0.000330	
4.310000	0.767964	0.767803	0.766204	0.750567	0.623352	0.231307	0.031732	0.003296	0.000331	
4.320000	0.768501	0.768341	0.766744	0.751131	0.624060	0.231844	0.031825	0.003306	0.000332	
4.330000	0.769035	0.768876	0.767281	0.751693	0.624765	0.232380	0.031918	0.003316	0.000333	
4.340000	0.769568	0.769408	0.767816	0.752252	0.625468	0.232915	0.032011	0.003326	0.000334	
4.350000	0.770097	0.769938	0.768349	0.752809	0.626168	0.233449	0.032103	0.003335	0.000335	
4.360000	0.770625	0.770465	0.768879	0.753363	0.626866	0.233983	0.032196	0.003345	0.000336	
4.370000	0.771149	0.770991	0.769406	0.753915	0.627561	0.234516	0.032289	0.003355	0.000337	
4.380000	0.771672	0.771513	0.769932	0.754464	0.628253	0.235049	0.032382	0.003365	0.000338	
4.390000	0.772192	0.772034	0.770455	0.755011	0.628942	0.235580	0.032474	0.003375	0.000339	
4.400000	0.772710	0.772552	0.770975	0.755556	0.629630	0.236111	0.032567	0.003385	0.000340	
4.410000	0.773225	0.773067	0.771493	0.756098	0.630314	0.236641	0.032660	0.003395	0.000341	
4.420000	0.773738	0.773581	0.772009	0.756637	0.630996	0.237171	0.032752	0.003405	0.000342	
4.430000	0.774249	0.774092	0.772523	0.757174	0.631676	0.237699	0.032845	0.003415	0.000343	
4.440000	0.774757	0.774600	0.773034	0.757709	0.632353	0.238227	0.032938	0.003425	0.000344	
4.450000	0.775263	0.775107	0.773543	0.758242	0.633028	0.238754	0.033030	0.003435	0.000345	
4.460000	0.775767	0.775611	0.774049	0.758772	0.633700	0.239281	0.033123	0.003445	0.000346	
4.470000	0.776269	0.776113	0.774554	0.759300	0.634369	0.239806	0.033215	0.003455	0.000347	
4.480000	0.776768	0.776612	0.775056	0.759825	0.635036	0.240331	0.033308	0.003464	0.000348	
4.490000	0.777266	0.777110	0.775556	0.760349	0.635701	0.240856	0.033400	0.003474	0.000349	
4.500000	0.777760	0.777605	0.776053	0.760870	0.636364	0.241379	0.033493	0.003484	0.000350	
4.510000	0.778253	0.778098	0.776549	0.761388	0.637024	0.241902	0.033585	0.003494	0.000351	
4.520000	0.778744	0.778589	0.777042	0.761905	0.637681	0.242424	0.033678	0.003504	0.000352	
4.530000	0.779232	0.779077	0.777533	0.762419	0.638336	0.242946	0.033770	0.003514	0.000353	
4.540000	0.779719	0.779564	0.778022	0.762931	0.638989	0.243466	0.033863	0.003524	0.000354	
4.550000	0.780203	0.780048	0.778509	0.763441	0.639640	0.243986	0.033955	0.003534	0.000355	
4.560000	0.780685	0.780531	0.778993	0.763948	0.640288	0.244505	0.034047	0.003544	0.000356	
4.570000	0.781165	0.781011	0.779476	0.764454	0.640934	0.245024	0.034140	0.003554	0.000357	
4.580000	0.781642	0.781489	0.779956	0.764957	0.641577	0.245542	0.034232	0.003564	0.000358	
4.590000	0.782118	0.781965	0.780435	0.765458	0.642218	0.246059	0.034325	0.003574	0.000359	
4.600000	0.782592	0.782439	0.780911	0.765957	0.642857	0.246575	0.034417	0.003584	0.000360	
4.610000	0.783063	0.782910	0.781385	0.766454	0.643494	0.247091	0.034509	0.003593	0.000361	
4.620000	0.783533	0.783380	0.781857	0.766949	0.644128	0.247606	0.034601	0.003603	0.000362	
4.630000	0.784000	0.783848	0.782328	0.767442	0.644760	0.248120	0.034694	0.003613	0.000363	
4.640000	0.784466	0.784314	0.782796	0.767932	0.645390	0.248634	0.034786	0.003623	0.000364	
4.650000	0.784929	0.784777	0.783262	0.768421	0.646018	0.249147	0.034878	0.003633	0.000365	
4.660000	0.785391	0.785239	0.783726	0.768908	0.646643	0.249659	0.034970	0.003643	0.000366	
4.670000	0.785850	0.785699	0.784188	0.769392	0.647266	0.250170	0.035063	0.003653	0.000367	
4.680000	0.786308	0.786157	0.784648	0.769874	0.647887	0.250681	0.035155	0.003663	0.000368	
4.690000	0.786764	0.786613	0.785106	0.770355	0.648506	0.251191	0.035247	0.003673	0.000369	
4.700000	0.787217	0.787067	0.785563	0.770833	0.649123	0.251701	0.035339	0.003683	0.000370	
4.710000	0.787669	0.787519	0.786017	0.771310	0.649737	0.252209	0.035431	0.003693	0.000371	
4.720000	0.788119	0.787969	0.786469	0.771784	0.650350	0.252717	0.035523	0.003703	0.000372	
4.730000	0.788567	0.788417	0.786920	0.772257	0.650960	0.253225	0.035615	0.003712	0.000373	
4.740000	0.789013	0.788863	0.787368	0.772727	0.651568	0.253731	0.035707	0.003722	0.000374	
4.750000	0.789457	0.789308	0.787815	0.773196	0.652174	0.254237	0.035800	0.003732	0.000375	
4.760000	0.789899	0.789750	0.788260	0.773663	0.652778	0.254743	0.035892	0.003742	0.000376	
4.770000	0.790340	0.790191	0.788703	0.774127	0.653380	0.255247	0.035984	0.003752	0.000377	
4.780000	0.790778	0.790630	0.789144	0.774590	0.653979	0.255751	0.036076	0.003762	0.000378	
4.790000	0.791215	0.791067	0.789583	0.775051	0.654577	0.256254	0.036168	0.003772	0.000379	
4.800000	0.791650	0.791502	0.790021	0.775510	0.655172	0.256757	0.036260	0.003782	0.000380	
4.810000	0.792083	0.791935	0.790456	0.775967	0.655766	0.257259	0.036351	0.003792	0.000381	
4.820000	0.792515	0.792367	0.790890	0.776423	0.656357	0.257760	0.036443	0.003802	0.000382	
4.830000	0.792944	0.792797	0.791322	0.776876	0.656947	0.258260	0.036535	0.003812	0.000383	
4.840000	0.793372	0.793225	0.791753	0.777328	0.657534	0.258760	0.036627	0.003822	0.000384	
4.850000	0.793798	0.793651	0.792181	0.777778	0.658120	0.259259	0.036719	0.003831	0.000385	
4.860000	0.794222	0.794075	0.792608	0.778226	0.658703	0.259758	0.036811	0.003841	0.000386	
4.870000	0.794645	0.794498	0.793033	0.778672	0.659284	0.260256	0.036903	0.003851	0.000387	
4.880000	0.795066	0.794919	0.793456	0.779116	0.659864	0.260753	0.036995	0.003861	0.000388	
4.890000	0.795485	0.795338	0.793878	0.779559	0.660441	0.261249	0.037086	0.003871	0.000389	
4.900000	0.795902	0.795756	0.794297	0.780000	0.661017	0.261745	0.037178	0.003881	0.000390	
4.910000	0.796318	0.796172	0.794715	0.780439	0.661591	0.262240	0.037270	0.003891	0.000391	
4.920000	0.796732	0.796586	0.795132	0.780876	0.662162	0.262735	0.037362	0.003901	0.000392	
4.930000	0.797144	0.796999	0.795547	0.781312	0.662732	0.263228	0.037454	0.003911	0.000393	
4.940000	0.797555	0.797409	0.795960	0.781746	0.663300	0.263722	0.037545	0.003921	0.000394	
4.950000	0.797964	0.797819	0.796371	0.782178	0.663866	0.264214	0.037637	0.003931	0.000395	
4.960000	0.798371	0.798226	0.796781	0.782609	0.664430	0.264706	0.037729	0.003940	0.000396	
4.970000	0.798777	0.798632	0.797189	0.783037	0.664992	0.265197	0.037820	0.003950	0.000397	
4.980000	0.799181	0.799036	0.797595	0.783465	0.665552	0.265688	0.037912	0.003960	0.000398	
4.990000	0.799583	0.799439	0.798000	0.783890	0.666110	0.266177	0.038004	0.003970	0.000399	
5.000000	0.799984	0.799840	0.798403	0.784314	0.666667	0.266667	0.038095	0.003980	0.000400	
5.010000	0.800383	0.800239	0.798805	0.784736	0.667221	0.267155	0.038187	0.003990	0.000401	
5.020000	0.800781	0.800637	0.799205	0.785156	0.667774	0.267643	0.038278	0.004000	0.000402	
5.030000	0.801177	0.801034	0.799603	0.785575	0.668325	0.268130	0.038370	0.004010	0.000403	
5.040000	0.801571	0.801428	0.800000	0.785992	0.668874	0.268617	0.038462	0.004020	0.000404	
5.050000	0.801964	0.801821	0.800395	0.786408	0.669421	0.269103	0.038553	0.004030	0.000405	
5.060000	0.802356	0.802213	0.800789	0.786822	0.669967	0.269588	0.038645	0.004040	0.000406	
5.070000	0.802746	0.802603	0.801181	0.787234	0.670511	0.270073	0.038736	0.004049	0.000407	
5.080000	0.803134	0.802992	0.801572	0.787645	0.671053	0.270557	0.038828	0.004059	0.000408	
5.090000	0.803521	0.803379	0.801961	0.788054	0.671593	0.271040	0.038919	0.004069	0.000409	
5.100000	0.803906	0.803764	0.802348	0.788462	0.672131	0.271523	0.039010	0.004079	0.000410	
5.110000	0.804290	0.804148	0.802734	0.788868	0.672668	0.272005	0.039102	0.004089	0.000411	
5.120000	0.804672	0.804530	0.803119	0.789272	0.673203	0.272487	0.039193	0.004099	0.000412	
5.130000	0.805053	0.804911	0.803502	0.789675	0.673736	0.272968	0.039285	0.004109	0.000413	
5.140000	0.805432	0.805291	0.803883	0.790076	0.674267	0.273448	0.039376	0.004119	0.000414	
5.150000	0.805810	0.805669	0.804264	0.790476	0.674797	0.273927	0.039467	0.004129	0.000415	
5.160000	0.806186	0.806045	0.804642	0.790875	0.675325	0.274406	0.039559	0.004139	0.000416	
5.170000	0.806561	0.806420	0.805019	0.791271	0.675851	0.274885	0.039650	0.004149	0.000417	
5.180000	0.806934	0.806794	0.805395	0.791667	0.676375	0.275362	0.039741	0.004158	0.000418	
5.190000	0.807306	0.807166	0.805769	0.792060	0.676898	0.275839	0.039833	0.004168	0.000419	
5.200000	0.807677	0.807537	0.806142	0.792453	0.677419	0.276316	0.039924	0.004178	0.000420	
5.210000	0.808046	0.807906	0.806513	0.792844	0.677939	0.276792	0.040015	0.004188	0.000421	
5.220000	0.808414	0.808274	0.806883	0.793233	0.678457	0.277267	0.040106	0.004198	0.000422	
5.230000	0.808780	0.808641	0.807252	0.793621	0.678973	0.277741	0.040198	0.004208	0.000423	
5.240000	0.809145	0.809006	0.807619	0.794007	0.679487	0.278215	0.040289	0.004218	0.000424	
5.250000	0.809508	0.809370	0.807985	0.794393	0.680000	0.278689	0.040380	0.004228	0.000425	
5.260000	0.809871	0.809732	0.808349	0.794776	0.680511	0.279161	0.040471	0.004238	0.000426	
5.270000	0.810231	0.810093	0.808712	0.795158	0.681021	0.279633	0.040562	0.004248	0.000427	
5.280000	0.810591	0.810453	0.809074	0.795539	0.681529	0.280105	0.040653	0.004258	0.000428	
5.290000	0.810949	0.810811	0.809434	0.795918	0.682035	0.280576	0.040745	0.004267	0.000429	
5.300000	0.811305	0.811168	0.809793	0.796296	0.682540	0.281046	0.040836	0.004277	0.000430	
5.310000	0.811661	0.811523	0.810150	0.796673	0.683043	0.281515	0.040927	0.004287	0.000431	
5.320000	0.812015	0.811877	0.810507	0.797048	0.683544	0.281984	0.041018	0.004297	0.000432	
5.330000	0.812367	0.812230	0.810861	0.797422	0.684044	0.282453	0.041109	0.004307	0.000433	
5.340000	0.812719	0.812582	0.811215	0.797794	0.684543	0.282920	0.041200	0.004317	0.000434	
5.350000	0.813069	0.812932	0.811567	0.798165	0.685039	0.283388	0.041291	0.004327	0.000435	
5.360000	0.813418	0.813281	0.811918	0.798535	0.685535	0.283854	0.041382	0.004337	0.000436	
5.370000	0.813765	0.813629	0.812268	0.798903	0.686028	0.284320	0.041473	0.004347	0.000437	
5.380000	0.814111	0.813975	0.812616	0.799270	0.686520	0.284785	0.041564	0.004357	0.000438	
5.390000	0.814456	0.814320	0.812963	0.799636	0.687011	0.285250	0.041655	0.004366	0.000439	
5.400000	0.814800	0.814664	0.813309	0.800000	0.687500	0.285714	0.041746	0.004376	0.000440	
5.410000	0.815142	0.815006	0.813653	0.800363	0.687988	0.286178	0.041837	0.004386	0.000441	
5.420000	0.815483	0.815348	0.813996	0.800725	0.688474	0.286641	0.041928	0.004396	0.000442	
5.430000	0.815823	0.815688	0.814338	0.801085	0.688958	0.287103	0.042018	0.004406	0.000443	
5.440000	0.816161	0.816026	0.814679	0.801444	0.689441	0.287565	0.042109	0.004416	0.000444	
5.450000	0.816499	0.816364	0.815018	0.801802	0.689922	0.288026	0.042200	0.004426	0.000445	
5.460000	0.816835	0.816700	0.815356	0.802158	0.690402	0.288486	0.042291	0.004436	0.000446	
5.470000	0.817170	0.817035	0.815693	0.802513	0.690881	0.288946	0.042382	0.004446	0.000447	
5.480000	0.817503	0.817369	0.816029	0.802867	0.691358	0.289406	0.042473	0.004456	0.000448	
5.490000	0.817836	0.817702	0.816364	0.803220	0.691834	0.289864	0.042563	0.004465	0.000449	
5.500000	0.818167	0.818033	0.816697	0.803571	0.692308	0.290323	0.042654	0.004475	0.000450	
5.510000	0.818497	0.818363	0.817029	0.803922	0.692780	0.290780	0.042745	0.004485	0.000451	
5.520000	0.818826	0.818692	0.817360	0.804270	0.693252	0.291237	0.042835	0.004495	0.000452	
5.530000	0.819153	0.819020	0.817690	0.804618	0.693721	0.291693	0.042926	0.004505	0.000453	
5.540000	0.819480	0.819347	0.818018	0.804965	0.694190	0.292149	0.043017	0.004515	0.000454	
5.550000	0.819805	0.819672	0.818345	0.805310	0.694656	0.292605	0.043108	0.004525	0.000455	
5.560000	0.820129	0.819996	0.818671	0.805654	0.695122	0.293059	0.043198	0.004535	0.000456	
5.570000	0.820452	0.820320	0.818996	0.805996	0.695586	0.293513	0.043289	0.004545	0.000457	
5.580000	0.820774	0.820641	0.819320	0.806338	0.696049	0.293967	0.043379	0.004555	0.000458	
5.590000	0.821094	0.820962	0.819643	0.806678	0.696510	0.294419	0.043470	0.004564	0.000459	
5.600000	0.821414	0.821282	0.819964	0.807018	0.696970	0.294872	0.043561	0.004574	0.000460	
5.610000	0.821732	0.821600	0.820285	0.807356	0.697428	0.295324	0.043651	0.004584	0.000461	
5.620000	0.822049	0.821918	0.820604	0.807692	0.697885	0.295775	0.043742	0.004594	0.000462	
5.630000	0.822365	0.822234	0.820922	0.808028	0.698341	0.296225	0.043832	0.004604	0.000463	
5.640000	0.822680	0.822549	0.821239	0.808362	0.698795	0.296675	0.043923	0.004614	0.000464	
5.650000	0.822994	0.822863	0.821555	0.808696	0.699248	0.297125	0.044013	0.004624	0.000465	
5.660000	0.823307	0.823176	0.821869	0.809028	0.699700	0.297573	0.044104	0.004634	0.000466	
5.670000	0.823619	0.823488	0.822183	0.809359	0.700150	0.298022	0.044194	0.004644	0.000467	
5.680000	0.823929	0.823799	0.822496	0.809689	0.700599	0.298469	0.044285	0.004654	0.000468	
5.690000	0.824239	0.824108	0.822807	0.810017	0.701046	0.298917	0.044375	0.004663	0.000469	
5.700000	0.824547	0.824417	0.823117	0.810345	0.701493	0.299363	0.044465	0.004673	0.000470	
5.710000	0.824854	0.824724	0.823427	0.810671	0.701937	0.299809	0.044556	0.004683	0.000471	
5.720000	0.825160	0.825031	0.823735	0.810997	0.702381	0.300254	0.044646	0.004693	0.000472	
5.730000	0.825466	0.825336	0.824042	0.811321	0.702823	0.300699	0.044737	0.004703	0.000473	
5.740000	0.825770	0.825640	0.824348	0.811644	0.703264	0.301144	0.044827	0.004713	0.000474	
5.750000	0.826073	0.825943	0.824653	0.811966	0.703704	0.301587	0.044917	0.004723	0.000475	
5.760000	0.826375	0.826245	0.824957	0.812287	0.704142	0.302030	0.045008	0.004733	0.000476	
5.770000	0.826675	0.826547	0.825260	0.812606	0.704579	0.302473	0.045098	0.004743	0.000477	
5.780000	0.826975	0.826847	0.825561	0.812925	0.705015	0.302915	0.045188	0.004753	0.000478	
5.790000	0.827274	0.827146	0.825862	0.813243	0.705449	0.303357	0.045278	0.004762	0.000479	
5.800000	0.827572	0.827444	0.826162	0.813559	0.705882	0.303797	0.045369	0.004772	0.000480	
5.810000	0.827869	0.827740	0.826460	0.813875	0.706314	0.304238	0.045459	0.004782	0.000481	
5.820000	0.828164	0.828036	0.826758	0.814189	0.706745	0.304678	0.045549	0.004792	0.000482	
5.830000	0.828459	0.828331	0.827055	0.814503	0.707174	0.305117	0.045639	0.004802	0.000483	
5.840000	0.828753	0.828625	0.827350	0.814815	0.707602	0.305556	0.045729	0.004812	0.000484	
5.850000	0.829046	0.828918	0.827645	0.815126	0.708029	0.305994	0.045820	0.004822	0.000485	
5.860000	0.829337	0.829210	0.827939	0.815436	0.708455	0.306431	0.045910	0.004832	0.000486	
5.870000	0.829628	0.829501	0.828231	0.815745	0.708879	0.306868	0.046000	0.004842	0.000487	
5.880000	0.829918	0.829791	0.828523	0.816054	0.709302	0.307305	0.046090	0.004851	0.000488	
5.890000	0.830207	0.830080	0.828814	0.816361	0.709724	0.307741	0.046180	0.004861	0.000489	
5.900000	0.830494	0.830368	0.829103	0.816667	0.710145	0.308176	0.046270	0.004871	0.000490	
5.910000	0.830781	0.830655	0.829392	0.816972	0.710564	0.308611	0.046360	0.004881	0.000491	
5.920000	0.831067	0.830941	0.829680	0.817276	0.710983	0.309045	0.046450	0.004891	0.000492	
5.930000	0.831352	0.831226	0.829966	0.817579	0.711400	0.309479	0.046540	0.004901	0.000493	
5.940000	0.831636	0.831510	0.830252	0.817881	0.711816	0.309912	0.046630	0.004911	0.000494	
5.950000	0.831919	0.831793	0.830537	0.818182	0.712230	0.310345	0.046720	0.004921	0.000495	
5.960000	0.832201	0.832075	0.830821	0.818482	0.712644	0.310777	0.046810	0.004931	0.000496	
5.970000	0.832482	0.832356	0.831104	0.818781	0.713056	0.311209	0.046900	0.004941	0.000497	
5.980000	0.832762	0.832637	0.831386	0.819079	0.713467	0.311640	0.046990	0.004950	0.000498	
5.990000	0.833041	0.832916	0.831667	0.819376	0.713877	0.312070	0.047080	0.004960	0.000499	
6.000000	0.833319	0.833194	0.831947	0.819672	0.714286	0.312500	0.047170	0.004970	0.000500	
6.010000	0.833597	0.833472	0.832226	0.819967	0.714693	0.312929	0.047260	0.004980	0.000501	
6.020000	0.833873	0.833749	0.832504	0.820261	0.715100	0.313358	0.047350	0.004990	0.000502	
6.030000	0.834149	0.834024	0.832781	0.820555	0.715505	0.313787	0.047439	0.005000	0.000503	
6.040000	0.834423	0.834299	0.833058	0.820847	0.715909	0.314214	0.047529	0.005010	0.000504	
6.050000	0.834697	0.834573	0.833333	0.821138	0.716312	0.314642	0.047619	0.005020	0.000505	
6.060000	0.834970	0.834846	0.833608	0.821429	0.716714	0.315068	0.047709	0.005030	0.000506	
6.070000	0.835242	0.835118	0.833882	0.821718	0.717115	0.315495	0.047799	0.005039	0.000507	
6.080000	0.835513	0.835389	0.834154	0.822006	0.717514	0.315920	0.047888	0.005049	0.000508	
6.090000	0.835783	0.835659	0.834426	0.822294	0.717913	0.316346	0.047978	0.005059	0.000509	
6.100000	0.836052	0.835929	0.834697	0.822581	0.718310	0.316770	0.048068	0.005069	0.000510	
6.110000	0.836320	0.836197	0.834967	0.822866	0.718706	0.317194	0.048158	0.005079	0.000511	
6.120000	0.836588	0.836465	0.835237	0.823151	0.719101	0.317618	0.048247	0.005089	0.000512	
6.130000	0.836854	0.836731	0.835505	0.823435	0.719495	0.318041	0.048337	0.005099	0.000513	
6.140000	0.837120	0.836997	0.835772	0.823718	0.719888	0.318463	0.048427	0.005109	0.000514	
6.150000	0.837385	0.837262	0.836039	0.824000	0.720280	0.318885	0.048516	0.005119	0.000515	
6.160000	0.837649	0.837526	0.836305	0.824281	0.720670	0.319307	0.048606	0.005128	0.000516	
6.170000	0.837912	0.837790	0.836570	0.824561	0.721060	0.319728	0.048695	0.005138	0.000517	
6.180000	0.838174	0.838052	0.836834	0.824841	0.721448	0.320148	0.048785	0.005148	0.000518	
6.190000	0.838436	0.838314	0.837097	0.825119	0.721836	0.320568	0.048875	0.005158	0.000519	
6.200000	0.838696	0.838574	0.837359	0.825397	0.722222	0.320988	0.048964	0.005168	0.000520	
6.210000	0.838956	0.838834	0.837621	0.825674	0.722607	0.321407	0.049054	0.005178	0.000521	
6.220000	0.839215	0.839093	0.837881	0.825949	0.722992	0.321825	0.049143	0.005188	0.000522	
6.230000	0.839473	0.839352	0.838141	0.826224	0.723375	0.322243	0.049233	0.005198	0.000523	
6.240000	0.839730	0.839609	0.838400	0.826498	0.723757	0.322660	0.049322	0.005208	0.000524	
6.250000	0.839987	0.839866	0.838658	0.826772	0.724138	0.323077	0.049412	0.005217	0.000525	
6.260000	0.840242	0.840121	0.838915	0.827044	0.724518	0.323493	0.049501	0.005227	0.000526	
6.270000	0.840497	0.840376	0.839172	0.827316	0.724897	0.323909	0.049591	0.005237	0.000527	
6.280000	0.840751	0.840630	0.839428	0.827586	0.725275	0.324324	0.049680	0.005247	0.000528	
6.290000	0.841004	0.840884	0.839683	0.827856	0.725652	0.324739	0.049769	0.005257	0.000529	
6.300000	0.841256	0.841136	0.839937	0.828125	0.726027	0.325153	0.049859	0.005267	0.000530	
6.310000	0.841508	0.841388	0.840190	0.828393	0.726402	0.325567	0.049948	0.005277	0.000531	
6.320000	0.841759	0.841639	0.840442	0.828660	0.726776	0.325980	0.050038	0.005287	0.000532	
6.330000	0.842009	0.841889	0.840694	0.828927	0.727149	0.326393	0.050127	0.005296	0.000533	
6.340000	0.842258	0.842138	0.840945	0.829193	0.727520	0.326805	0.050216	0.005306	0.000534	
6.350000	0.842506	0.842387	0.841195	0.829457	0.727891	0.327217	0.050306	0.005316	0.000535	
6.360000	0.842754	0.842635	0.841444	0.829721	0.728261	0.327628	0.050395	0.005326	0.000536	
6.370000	0.843001	0.842882	0.841693	0.829985	0.728630	0.328039	0.050484	0.005336	0.000537	
6.380000	0.843247	0.843128	0.841941	0.830247	0.728997	0.328449	0.050573	0.005346	0.000538	
6.390000	0.843492	0.843373	0.842187	0.830508	0.729364	0.328859	0.050663	0.005356	0.000539	
6.400000	0.843737	0.843618	0.842434	0.830769	0.729730	0.329268	0.050752	0.005366	0.000540	
6.410000	0.843981	0.843862	0.842679	0.831029	0.730094	0.329677	0.050841	0.005376	0.000541	
6.420000	0.844224	0.844105	0.842924	0.831288	0.730458	0.330085	0.050930	0.005385	0.000542	
6.430000	0.844466	0.844348	0.843168	0.831547	0.730821	0.330493	0.051019	0.005395	0.000543	
6.440000	0.844707	0.844589	0.843411	0.831804	0.731183	0.330900	0.051109	0.005405	0.000544	
6.450000	0.844948	0.844830	0.843653	0.832061	0.731544	0.331307	0.051198	0.005415	0.000545	
6.460000	0.845188	0.845070	0.843895	0.832317	0.731903	0.331713	0.051287	0.005425	0.000546	
6.470000	0.845427	0.845310	0.844136	0.832572	0.732262	0.332119	0.051376	0.005435	0.000547	
6.480000	0.845666	0.845549	0.844376	0.832827	0.732620	0.332524	0.051465	0.005445	0.000548	
6.490000	0.845904	0.845786	0.844615	0.833080	0.732977	0.332929	0.051554	0.005455	0.000549	
6.500000	0.846141	0.846024	0.844854	0.833333	0.733333	0.333333	0.051643	0.005464	0.000550	
6.510000	0.846377	0.846260	0.845092	0.833585	0.733688	0.333737	0.051732	0.005474	0.000551	
6.520000	0.846613	0.846496	0.845329	0.833837	0.734043	0.334140	0.051821	0.005484	0.000552	
6.530000	0.846848	0.846731	0.845566	0.834087	0.734396	0.334543	0.051910	0.005494	0.000553	
6.540000	0.847082	0.846965	0.845802	0.834337	0.734748	0.334946	0.051999	0.005504	0.000554	
6.550000	0.847315	0.847199	0.846037	0.834586	0.735099	0.335347	0.052088	0.005514	0.000555	
6.560000	0.847548	0.847432	0.846271	0.834835	0.735450	0.335749	0.052177	0.005524	0.000556	
6.570000	0.847780	0.847664	0.846505	0.835082	0.735799	0.336150	0.052266	0.005534	0.000557	
6.580000	0.848011	0.847895	0.846737	0.835329	0.736148	0.336550	0.052355	0.005544	0.000558	
6.590000	0.848242	0.848126	0.846970	0.835575	0.736495	0.336950	0.052444	0.005553	0.000559	
6.600000	0.848472	0.848356	0.847201	0.835821	0.736842	0.337349	0.052533	0.005563	0.000560	
6.610000	0.848701	0.848586	0.847432	0.836066	0.737188	0.337748	0.052622	0.005573	0.000561	
6.620000	0.848930	0.848814	0.847662	0.836310	0.737533	0.338147	0.052711	0.005583	0.000562	
6.630000	0.849158	0.849042	0.847892	0.836553	0.737877	0.338545	0.052799	0.005593	0.000563	
6.640000	0.849385	0.849270	0.848120	0.836795	0.738220	0.338942	0.052888	0.005603	0.000564	
6.650000	0.849611	0.849496	0.848348	0.837037	0.738562	0.339339	0.052977	0.005613	0.000565	
6.660000	0.849837	0.849722	0.848576	0.837278	0.738903	0.339736	0.053066	0.005623	0.000566	
6.670000	0.850062	0.849948	0.848802	0.837518	0.739244	0.340132	0.053155	0.005632	0.000567	
6.680000	0.850287	0.850172	0.849028	0.837758	0.739583	0.340528	0.053243	0.005642	0.000568	
6.690000	0.850510	0.850396	0.849254	0.837997	0.739922	0.340923	0.053332	0.005652	0.000569	
6.700000	0.850734	0.850619	0.849478	0.838235	0.740260	0.341317	0.053421	0.005662	0.000570	
6.710000	0.850956	0.850842	0.849702	0.838473	0.740597	0.341712	0.053510	0.005672	0.000571	
6.720000	0.851178	0.851064	0.849926	0.838710	0.740933	0.342105	0.053598	0.005682	0.000572	
6.730000	0.851399	0.851285	0.850148	0.838946	0.741268	0.342499	0.053687	0.005692	0.000573	
6.740000	0.851619	0.851506	0.850370	0.839181	0.741602	0.342891	0.053776	0.005702	0.000574	
6.750000	0.851839	0.851726	0.850592	0.839416	0.741935	0.343284	0.053864	0.005711	0.000575	
6.760000	0.852058	0.851945	0.850812	0.839650	0.742268	0.343675	0.053953	0.005721	0.000576	
6.770000	0.852277	0.852164	0.851032	0.839884	0.742600	0.344067	0.054041	0.005731	0.000577	
6.780000	0.852495	0.852382	0.851252	0.840116	0.742931	0.344458	0.054130	0.005741	0.000578	
6.790000	0.852712	0.852599	0.851471	0.840348	0.743261	0.344848	0.054219	0.005751	0.000579	
6.800000	0.852929	0.852816	0.851689	0.840580	0.743590	0.345238	0.054307	0.005761	0.000580	
6.810000	0.853145	0.853032	0.851906	0.840810	0.743918	0.345628	0.054396	0.005771	0.000581	
6.820000	0.853360	0.853247	0.852123	0.841040	0.744246	0.346017	0.054484	0.005781	0.000582	
6.830000	0.853575	0.853462	0.852339	0.841270	0.744572	0.346405	0.054573	0.005790	0.000583	
6.840000	0.853789	0.853676	0.852555	0.841499	0.744898	0.346793	0.054661	0.005800	0.000584	
6.850000	0.854002	0.853890	0.852770	0.841727	0.745223	0.347181	0.054750	0.005810	0.000585	
6.860000	0.854215	0.854103	0.852984	0.841954	0.745547	0.347568	0.054838	0.005820	0.000586	
6.870000	0.854427	0.854315	0.853198	0.842181	0.745870	0.347955	0.054927	0.005830	0.000587	
6.880000	0.854639	0.854527	0.853411	0.842407	0.746193	0.348341	0.055015	0.005840	0.000588	
6.890000	0.854850	0.854738	0.853623	0.842632	0.746515	0.348727	0.055103	0.005850	0.000589	
6.900000	0.855060	0.854949	0.853835	0.842857	0.746835	0.349112	0.055192	0.005860	0.000590	
6.910000	0.855270	0.855158	0.854046	0.843081	0.747155	0.349497	0.055280	0.005869	0.000591	
6.920000	0.855479	0.855368	0.854257	0.843305	0.747475	0.349882	0.055368	0.005879	0.000592	
6.930000	0.855688	0.855576	0.854467	0.843528	0.747793	0.350266	0.055457	0.005889	0.000593	
6.940000	0.855895	0.855784	0.854676	0.843750	0.748111	0.350649	0.055545	0.005899	0.000594	
6.950000	0.856103	0.855992	0.854885	0.843972	0.748428	0.351032	0.055633	0.005909	0.000595	
6.960000	0.856310	0.856199	0.855093	0.844193	0.748744	0.351415	0.055722	0.005919	0.000596	
6.970000	0.856516	0.856405	0.855301	0.844413	0.749059	0.351797	0.055810	0.005929	0.000597	
6.980000	0.856721	0.856611	0.855508	0.844633	0.749373	0.352179	0.055898	0.005939	0.000598	
6.990000	0.856926	0.856816	0.855714	0.844852	0.749687	0.352560	0.055987	0.005948	0.000599	
7.000000	0.857131	0.857020	0.855920	0.845070	0.750000	0.352941	0.056075	0.005958	0.000600	
7.010000	0.857334	0.857224	0.856125	0.845288	0.750312	0.353322	0.056163	0.005968	0.000601	
7.020000	0.857538	0.857428	0.856330	0.845506	0.750623	0.353702	0.056251	0.005978	0.000602	
7.030000	0.857740	0.857630	0.856534	0.845722	0.750934	0.354081	0.056339	0.005988	0.000603	
7.040000	0.857942	0.857833	0.856738	0.845938	0.751244	0.354460	0.056428	0.005998	0.000604	
7.050000	0.858144	0.858034	0.856941	0.846154	0.751553	0.354839	0.056516	0.006008	0.000605	
7.060000	0.858345	0.858235	0.857143	0.846369	0.751861	0.355217	0.056604	0.006018	0.000606	
7.070000	0.858545	0.858436	0.857345	0.846583	0.752169	0.355595	0.056692	0.006027	0.000607	
7.080000	0.858745	0.858636	0.857546	0.846797	0.752475	0.355972	0.056780	0.006037	0.000608	
7.090000	0.858944	0.858835	0.857746	0.847010	0.752781	0.356349	0.056868	0.006047	0.000609	
7.100000	0.859143	0.859034	0.857947	0.847222	0.753086	0.356725	0.056956	0.006057	0.000610	
7.110000	0.859341	0.859232	0.858146	0.847434	0.753391	0.357101	0.057044	0.006067	0.000611	
7.120000	0.859538	0.859430	0.858345	0.847645	0.753695	0.357477	0.057132	0.006077	0.000612	
7.130000	0.859735	0.859627	0.858543	0.847856	0.753998	0.357852	0.057220	0.006087	0.000613	
7.140000	0.859932	0.859824	0.858741	0.848066	0.754300	0.358226	0.057308	0.006096	0.000614	
7.150000	0.860128	0.860020	0.858939	0.848276	0.754601	0.358601	0.057396	0.006106	0.000615	
7.160000	0.860323	0.860215	0.859135	0.848485	0.754902	0.358974	0.057484	0.006116	0.000616	
7.170000	0.860518	0.860410	0.859331	0.848693	0.755202	0.359348	0.057572	0.006126	0.000617	
7.180000	0.860712	0.860604	0.859527	0.848901	0.755501	0.359721	0.057660	0.006136	0.000618	
7.190000	0.860906	0.860798	0.859722	0.849108	0.755800	0.360093	0.057748	0.006146	0.000619	
7.200000	0.861099	0.860992	0.859917	0.849315	0.756098	0.360465	0.057836	0.006156	0.000620	
7.210000	0.861292	0.861184	0.860111	0.849521	0.756395	0.360837	0.057924	0.006166	0.000621	
7.220000	0.861484	0.861377	0.860304	0.849727	0.756691	0.361208	0.058012	0.006175	0.000622	
7.230000	0.861675	0.861568	0.860497	0.849932	0.756987	0.361579	0.058099	0.006185	0.000623	
7.240000	0.861867	0.861759	0.860690	0.850136	0.757282	0.361949	0.058187	0.006195	0.000624	
7.250000	0.862057	0.861950	0.860882	0.850340	0.757576	0.362319	0.058275	0.006205	0.000625	
7.260000	0.862247	0.862140	0.861073	0.850543	0.757869	0.362688	0.058363	0.006215	0.000626	
7.270000	0.862437	0.862330	0.861264	0.850746	0.758162	0.363057	0.058451	0.006225	0.000627	
7.280000	0.862626	0.862519	0.861454	0.850949	0.758454	0.363426	0.058538	0.006235	0.000628	
7.290000	0.862814	0.862707	0.861644	0.851150	0.758745	0.363794	0.058626	0.006244	0.000629	
7.300000	0.863002	0.862895	0.861833	0.851351	0.759036	0.364162	0.058714	0.006254	0.000630	
7.310000	0.863189	0.863083	0.862022	0.851552	0.759326	0.364529	0.058802	0.006264	0.000631	
7.320000	0.863376	0.863270	0.862210	0.851752	0.759615	0.364896	0.058889	0.006274	0.000632	
7.330000	0.863563	0.863457	0.862398	0.851952	0.759904	0.365263	0.058977	0.006284	0.000633	
7.340000	0.863748	0.863643	0.862585	0.852151	0.760192	0.365629	0.059065	0.006294	0.000634	
7.350000	0.863934	0.863828	0.862772	0.852349	0.760479	0.365994	0.059152	0.006304	0.000635	
7.360000	0.864119	0.864013	0.862958	0.852547	0.760766	0.366359	0.059240	0.006314	0.000636	
7.370000	0.864303	0.864198	0.863144	0.852744	0.761051	0.366724	0.059328	0.006323	0.000637	
7.380000	0.864487	0.864382	0.863329	0.852941	0.761337	0.367089	0.059415	0.006333	0.000638	
7.390000	0.864670	0.864565	0.863514	0.853138	0.761621	0.367453	0.059503	0.006343	0.000639	
7.400000	0.864853	0.864748	0.863698	0.853333	0.761905	0.367816	0.059590	0.006353	0.000640	
7.410000	0.865036	0.864931	0.863881	0.853529	0.762188	0.368179	0.059678	0.006363	0.000641	
7.420000	0.865217	0.865113	0.864065	0.853723	0.762470	0.368542	0.059765	0.006373	0.000642	
7.430000	0.865399	0.865294	0.864247	0.853918	0.762752	0.368904	0.059853	0.006383	0.000643	
7.440000	0.865580	0.865475	0.864430	0.854111	0.763033	0.369266	0.059940	0.006392	0.000644	
7.450000	0.865760	0.865656	0.864611	0.854305	0.763314	0.369628	0.060028	0.006402	0.000645	
7.460000	0.865940	0.865836	0.864793	0.854497	0.763593	0.369989	0.060115	0.006412	0.000646	
7.470000	0.866120	0.866015	0.864973	0.854690	0.763872	0.370349	0.060203	0.006422	0.000647	
7.480000	0.866299	0.866194	0.865154	0.854881	0.764151	0.370709	0.060290	0.006432	0.000648	
7.490000	0.866477	0.866373	0.865333	0.855072	0.764429	0.371069	0.060378	0.006442	0.000649	
7.500000	0.866655	0.866551	0.865513	0.855263	0.764706	0.371429	0.060465	0.006452	0.000650	
7.510000	0.866833	0.866729	0.865691	0.855453	0.764982	0.371788	0.060553	0.006461	0.000651	
7.520000	0.867010	0.866906	0.865870	0.855643	0.765258	0.372146	0.060640	0.006471	0.000652	
7.530000	0.867186	0.867083	0.866048	0.855832	0.765533	0.372504	0.060727	0.006481	0.000653	
7.540000	0.867363	0.867259	0.866225	0.856021	0.765808	0.372862	0.060815	0.006491	0.000654	
7.550000	0.867538	0.867435	0.866402	0.856209	0.766082	0.373219	0.060902	0.006501	0.000655	
7.560000	0.867713	0.867610	0.866579	0.856397	0.766355	0.373576	0.060989	0.006511	0.000656	
7.570000	0.867888	0.867785	0.866755	0.856584	0.766628	0.373933	0.061077	0.006521	0.000657	
7.580000	0.868062	0.867959	0.866930	0.856771	0.766900	0.374289	0.061164	0.006530	0.000658	
7.590000	0.868236	0.868133	0.867105	0.856957	0.767171	0.374645	0.061251	0.006540	0.000659	
7.600000	0.868410	0.868307	0.867280	0.857143	0.767442	0.375000	0.061338	0.006550	0.000659	
7.610000	0.868583	0.868480	0.867454	0.857328	0.767712	0.375355	0.061426	0.006560	0.000660	
7.620000	0.868755	0.868652	0.867628	0.857513	0.767981	0.375709	0.061513	0.006570	0.000661	
7.630000	0.868927	0.868825	0.867801	0.857697	0.768250	0.376064	0.061600	0.006580	0.000662	
7.640000	0.869099	0.868996	0.867974	0.857881	0.768519	0.376417	0.061687	0.006590	0.000663	
7.650000	0.869270	0.869167	0.868146	0.858065	0.768786	0.376771	0.061774	0.006600	0.000664	
7.660000	0.869440	0.869338	0.868318	0.858247	0.769053	0.377123	0.061861	0.006609	0.000665	
7.670000	0.869611	0.869509	0.868490	0.858430	0.769319	0.377476	0.061949	0.006619	0.000666	
7.680000	0.869780	0.869678	0.868661	0.858612	0.769585	0.377828	0.062036	0.006629	0.000667	
7.690000	0.869950	0.869848	0.868831	0.858793	0.769850	0.378180	0.062123	0.006639	0.000668	
7.700000	0.870119	0.870017	0.869001	0.858974	0.770115	0.378531	0.062210	0.006649	0.000669	
7.710000	0.870287	0.870185	0.869171	0.859155	0.770379	0.378882	0.062297	0.006659	0.000670	
7.720000	0.870455	0.870354	0.869340	0.859335	0.770642	0.379233	0.062384	0.006669	0.000671	
7.730000	0.870623	0.870521	0.869509	0.859515	0.770905	0.379583	0.062471	0.006678	0.000672	
7.740000	0.870790	0.870689	0.869677	0.859694	0.771167	0.379932	0.062558	0.006688	0.000673	
7.750000	0.870957	0.870855	0.869845	0.859873	0.771429	0.380282	0.062645	0.006698	0.000674	
7.760000	0.871123	0.871022	0.870013	0.860051	0.771689	0.380631	0.062732	0.006708	0.000675	
7.770000	0.871289	0.871188	0.870180	0.860229	0.771950	0.380979	0.062819	0.006718	0.000676	
7.780000	0.871454	0.871353	0.870347	0.860406	0.772210	0.381327	0.062906	0.006728	0.000677	
7.790000	0.871619	0.871518	0.870513	0.860583	0.772469	0.381675	0.062993	0.006738	0.000678	
7.800000	0.871784	0.871683	0.870679	0.860759	0.772727	0.382022	0.063080	0.006747	0.000679	
7.810000	0.871948	0.871847	0.870844	0.860936	0.772985	0.382369	0.063167	0.006757	0.000680	
7.820000	0.872112	0.872011	0.871009	0.861111	0.773243	0.382716	0.063254	0.006767	0.000681	
7.830000	0.872275	0.872175	0.871173	0.861286	0.773499	0.383062	0.063340	0.006777	0.000682	
7.840000	0.872438	0.872338	0.871338	0.861461	0.773756	0.383408	0.063427	0.006787	0.000683	
7.850000	0.872600	0.872500	0.871501	0.861635	0.774011	0.383754	0.063514	0.006797	0.000684	
7.860000	0.872762	0.872663	0.871665	0.861809	0.774266	0.384099	0.063601	0.006807	0.000685	
7.870000	0.872924	0.872824	0.871827	0.861982	0.774521	0.384443	0.063688	0.006816	0.000686	
7.880000	0.873085	0.872986	0.871990	0.862155	0.774775	0.384787	0.063775	0.006826	0.000687	
7.890000	0.873246	0.873147	0.872152	0.862328	0.775028	0.385131	0.063861	0.006836	0.000688	
7.900000	0.873407	0.873307	0.872314	0.862500	0.775281	0.385475	0.063948	0.006846	0.000689	
7.910000	0.873567	0.873467	0.872475	0.862672	0.775533	0.385818	0.064035	0.006856	0.000690	
7.920000	0.873726	0.873627	0.872636	0.862843	0.775785	0.386161	0.064122	0.006866	0.000691	
7.930000	0.873886	0.873786	0.872796	0.863014	0.776036	0.386503	0.064208	0.006875	0.000692	
7.940000	0.874044	0.873945	0.872956	0.863184	0.776286	0.386845	0.064295	0.006885	0.000693	
7.950000	0.874203	0.874104	0.873116	0.863354	0.776536	0.387187	0.064382	0.006895	0.000694	
7.960000	0.874361	0.874262	0.873275	0.863524	0.776786	0.387528	0.064468	0.006905	0.000695	
7.970000	0.874519	0.874420	0.873434	0.863693	0.777035	0.387869	0.064555	0.006915	0.000696	
7.980000	0.874676	0.874577	0.873592	0.863861	0.777283	0.388209	0.064642	0.006925	0.000697	
7.990000	0.874833	0.874734	0.873750	0.864030	0.777531	0.388549	0.064728	0.006935	0.000698	
8.000000	0.874989	0.874891	0.873908	0.864198	0.777778	0.388889	0.064815	0.006944	0.000699	
